0   0
0.01   0.120889
0.02   0.241737
0.03   0.362503
0.04   0.483146
0.05   0.603625
0.06   0.723899
0.07   0.843927
0.08   0.963667
0.09   1.08308
0.1   1.20212
0.11   1.32076
0.12   1.43894
0.13   1.55663
0.14   1.67378
0.15   1.79036
0.16   1.90633
0.17   2.02164
0.18   2.13625
0.19   2.25013
0.2   2.36322
0.21   2.4755
0.22   2.58691
0.23   2.69742
0.24   2.80699
0.25   2.91557
0.26   3.02313
0.27   3.12962
0.28   3.235
0.29   3.33924
0.3   3.44228
0.31   3.5441
0.32   3.64464
0.33   3.74387
0.34   3.84175
0.35   3.93823
0.36   4.03327
0.37   4.12684
0.38   4.21889
0.39   4.30938
0.4   4.39828
0.41   4.48553
0.42   4.5711
0.43   4.65495
0.44   4.73703
0.45   4.81731
0.46   4.89574
0.47   4.97228
0.48   5.0469
0.49   5.1196
0.5   5.19042
0.51   5.25939
0.52   5.32654
0.53   5.39191
0.54   5.45555
0.55   5.51748
0.56   5.57773
0.57   5.63636
0.58   5.69338
0.59   5.74884
0.6   5.80278
0.61   5.85522
0.62   5.9062
0.63   5.95577
0.64   6.00395
0.65   6.05079
0.66   6.09631
0.67   6.14055
0.68   6.18355
0.69   6.22535
0.7   6.26598
0.71   6.30547
0.72   6.34386
0.73   6.3812
0.74   6.4175
0.75   6.45282
0.76   6.48717
0.77   6.52061
0.78   6.55317
0.79   6.58488
0.8   6.61577
0.81   6.64589
0.82   6.67527
0.83   6.70394
0.84   6.73194
0.85   6.75931
0.86   6.78609
0.87   6.8123
0.88   6.83798
0.89   6.86317
0.9   6.88791
0.91   6.91223
0.92   6.93616
0.93   6.95975
0.94   6.98303
0.95   7.00603
0.96   7.02878
0.97   7.05129
0.98   7.07359
0.99   7.09566
1   7.11753
1.01   7.13922
1.02   7.16072
1.03   7.18204
1.04   7.20321
1.05   7.22424
1.06   7.24512
1.07   7.26588
1.08   7.28652
1.09   7.30706
1.1   7.3275
1.11   7.34786
1.12   7.36815
1.13   7.38837
1.14   7.40855
1.15   7.42869
1.16   7.4488
1.17   7.46889
1.18   7.48898
1.19   7.50907
1.2   7.52917
1.21   7.5493
1.22   7.56947
1.23   7.58969
1.24   7.60997
1.25   7.63032
1.26   7.65074
1.27   7.67126
1.28   7.69189
1.29   7.71263
1.3   7.73349
1.31   7.75448
1.32   7.77563
1.33   7.79693
1.34   7.8184
1.35   7.84005
1.36   7.86189
1.37   7.88393
1.38   7.90619
1.39   7.92866
1.4   7.95137
1.41   7.97433
1.42   7.99754
1.43   8.02102
1.44   8.04474
1.45   8.06868
1.46   8.09283
1.47   8.11716
1.48   8.14164
1.49   8.16626
1.5   8.19098
1.51   8.21579
1.52   8.24066
1.53   8.26557
1.54   8.29051
1.55   8.31543
1.56   8.34033
1.57   8.36517
1.58   8.38994
1.59   8.41461
1.6   8.43916
1.61   8.46357
1.62   8.48781
1.63   8.51186
1.64   8.53569
1.65   8.55929
1.66   8.58264
1.67   8.6057
1.68   8.62845
1.69   8.65088
1.7   8.67295
1.71   8.69465
1.72   8.71596
1.73   8.73684
1.74   8.75728
1.75   8.77726
1.76   8.79674
1.77   8.81572
1.78   8.83415
1.79   8.85203
1.8   8.86933
1.81   8.88602
1.82   8.90209
1.83   8.91751
1.84   8.93225
1.85   8.9463
1.86   8.95962
1.87   8.97221
1.88   8.98403
1.89   8.99506
1.9   9.00528
1.91   9.01469
1.92   9.02332
1.93   9.03118
1.94   9.03831
1.95   9.04473
1.96   9.05047
1.97   9.05554
1.98   9.05998
1.99   9.0638
2   9.06704
2.01   9.06972
2.02   9.07186
2.03   9.07348
2.04   9.07462
2.05   9.07529
2.06   9.07552
2.07   9.07534
2.08   9.07477
2.09   9.07384
2.1   9.07257
2.11   9.07098
2.12   9.06909
2.13   9.06695
2.14   9.06456
2.15   9.06195
2.16   9.05916
2.17   9.05619
2.18   9.05309
2.19   9.04986
2.2   9.04655
2.21   9.04316
2.22   9.03973
2.23   9.03628
2.24   9.03284
2.25   9.02943
2.26   9.02607
2.27   9.02279
2.28   9.01962
2.29   9.01658
2.3   9.01369
2.31   9.01098
2.32   9.00847
2.33   9.00619
2.34   9.00416
2.35   9.00241
2.36   9.00097
2.37   8.99985
2.38   8.99907
2.39   8.99861
2.4   8.99846
2.41   8.9986
2.42   8.999
2.43   8.99965
2.44   9.00054
2.45   9.00163
2.46   9.00291
2.47   9.00436
2.48   9.00596
2.49   9.00769
2.5   9.00954
2.51   9.01148
2.52   9.01349
2.53   9.01556
2.54   9.01767
2.55   9.01978
2.56   9.0219
2.57   9.02399
2.58   9.02605
2.59   9.02804
2.6   9.02995
2.61   9.03175
2.62   9.03344
2.63   9.035
2.64   9.03639
2.65   9.0376
2.66   9.03862
2.67   9.03943
2.68   9.03999
2.69   9.04031
2.7   9.04035
2.71   9.04009
2.72   9.03953
2.73   9.03863
2.74   9.03738
2.75   9.03576
2.76   9.03374
2.77   9.03132
2.78   9.02848
2.79   9.02518
2.8   9.02141
2.81   9.01716
2.82   9.01241
2.83   9.00712
2.84   9.0013
2.85   8.9949
2.86   8.98789
2.87   8.98021
2.88   8.97179
2.89   8.96257
2.9   8.95249
2.91   8.9415
2.92   8.92953
2.93   8.91652
2.94   8.90242
2.95   8.88715
2.96   8.87067
2.97   8.85291
2.98   8.83381
2.99   8.81331
3   8.79136
3.01   8.76788
3.02   8.74282
3.03   8.71612
3.04   8.68772
3.05   8.65756
3.06   8.62558
3.07   8.59171
3.08   8.55591
3.09   8.5181
3.1   8.47823
3.11   8.43624
3.12   8.39206
3.13   8.34564
3.14   8.29692
3.15   8.24583
3.16   8.19232
3.17   8.13632
3.18   8.07778
3.19   8.01664
3.2   7.95283
3.21   7.88629
3.22   7.81697
3.23   7.7448
3.24   7.66973
3.25   7.59169
3.26   7.51062
3.27   7.42646
3.28   7.33916
3.29   7.24865
3.3   7.15487
3.31   7.05776
3.32   6.95727
3.33   6.85344
3.34   6.74643
3.35   6.63642
3.36   6.52359
3.37   6.40812
3.38   6.29017
3.39   6.16993
3.4   6.04757
3.41   5.92327
3.42   5.7972
3.43   5.66953
3.44   5.54045
3.45   5.41014
3.46   5.27875
3.47   5.14648
3.48   5.0135
3.49   4.87998
3.5   4.74609
3.51   4.61203
3.52   4.47795
3.53   4.34404
3.54   4.21047
3.55   4.07742
3.56   3.94506
3.57   3.81357
3.58   3.68313
3.59   3.5539
3.6   3.42608
3.61   3.29982
3.62   3.17532
3.63   3.05274
3.64   2.93226
3.65   2.81405
3.66   2.6983
3.67   2.58517
3.68   2.47484
3.69   2.3675
3.7   2.26331
3.71   2.16245
3.72   2.06509
3.73   1.97142
3.74   1.8816
3.75   1.79582
3.76   1.71425
3.77   1.63706
3.78   1.56444
3.79   1.49655
3.8   1.43351
3.81   1.37523
3.82   1.32158
3.83   1.27243
3.84   1.22763
3.85   1.18705
3.86   1.15055
3.87   1.11802
3.88   1.08929
3.89   1.06426
3.9   1.04277
3.91   1.02469
3.92   1.00989
3.93   0.998235
3.94   0.98959
3.95   0.983818
3.96   0.980787
3.97   0.980359
3.98   0.982402
3.99   0.986779
4   0.993357
4.01   1.002
4.02   1.01257
4.03   1.02494
4.04   1.03898
4.05   1.05453
4.06   1.07148
4.07   1.08969
4.08   1.10901
4.09   1.12933
4.1   1.15049
4.11   1.17238
4.12   1.19485
4.13   1.21776
4.14   1.24099
4.15   1.2644
4.16   1.28785
4.17   1.31121
4.18   1.33434
4.19   1.35711
4.2   1.37939
4.21   1.40103
4.22   1.42191
4.23   1.4419
4.24   1.46084
4.25   1.47862
4.26   1.49509
4.27   1.51013
4.28   1.52372
4.29   1.5359
4.3   1.54671
4.31   1.55619
4.32   1.56439
4.33   1.57133
4.34   1.57708
4.35   1.58166
4.36   1.58512
4.37   1.58751
4.38   1.58885
4.39   1.5892
4.4   1.5886
4.41   1.58708
4.42   1.5847
4.43   1.58148
4.44   1.57748
4.45   1.57273
4.46   1.56727
4.47   1.56116
4.48   1.55442
4.49   1.5471
4.5   1.53924
4.51   1.53089
4.52   1.52208
4.53   1.51286
4.54   1.50327
4.55   1.49335
4.56   1.48314
4.57   1.47268
4.58   1.46202
4.59   1.45119
4.6   1.44024
4.61   1.42921
4.62   1.41814
4.63   1.40708
4.64   1.39606
4.65   1.38512
4.66   1.37431
4.67   1.36367
4.68   1.35325
4.69   1.34307
4.7   1.33319
4.71   1.32364
4.72   1.31447
4.73   1.30572
4.74   1.29743
4.75   1.28963
4.76   1.2823
4.77   1.27543
4.78   1.26903
4.79   1.26308
4.8   1.25756
4.81   1.25248
4.82   1.24783
4.83   1.24358
4.84   1.23974
4.85   1.2363
4.86   1.23324
4.87   1.23056
4.88   1.22825
4.89   1.2263
4.9   1.2247
4.91   1.22344
4.92   1.22251
4.93   1.22191
4.94   1.22162
4.95   1.22164
4.96   1.22195
4.97   1.22255
4.98   1.22343
4.99   1.22458
5   1.22599
5.01   1.22765
5.02   1.22955
5.03   1.23169
5.04   1.23405
5.05   1.23662
5.06   1.2394
5.07   1.24238
5.08   1.24555
5.09   1.2489
5.1   1.25241
5.11   1.25609
5.12   1.25992
5.13   1.26389
5.14   1.268
5.15   1.27223
5.16   1.27658
5.17   1.28104
5.18   1.28559
5.19   1.29023
5.2   1.29495
5.21   1.29975
5.22   1.3046
5.23   1.3095
5.24   1.31443
5.25   1.31937
5.26   1.3243
5.27   1.32922
5.28   1.33409
5.29   1.33891
5.3   1.34366
5.31   1.34832
5.32   1.35287
5.33   1.3573
5.34   1.36159
5.35   1.36573
5.36   1.36969
5.37   1.37346
5.38   1.37703
5.39   1.38037
5.4   1.38347
5.41   1.38632
5.42   1.38889
5.43   1.39117
5.44   1.39314
5.45   1.39479
5.46   1.3961
5.47   1.39705
5.48   1.39763
5.49   1.39781
5.5   1.39759
5.51   1.39694
5.52   1.39585
5.53   1.3943
5.54   1.39228
5.55   1.38976
5.56   1.38674
5.57   1.38319
5.58   1.37909
5.59   1.37444
5.6   1.36921
5.61   1.36339
5.62   1.35695
5.63   1.3499
5.64   1.34219
5.65   1.33383
5.66   1.32479
5.67   1.31506
5.68   1.30461
5.69   1.29345
5.7   1.2816
5.71   1.26915
5.72   1.25619
5.73   1.24282
5.74   1.2291
5.75   1.21515
5.76   1.20103
5.77   1.18684
5.78   1.17267
5.79   1.15861
5.8   1.14473
5.81   1.13114
5.82   1.11791
5.83   1.10513
5.84   1.0929
5.85   1.08129
5.86   1.0704
5.87   1.06032
5.88   1.05112
5.89   1.04291
5.9   1.03576
5.91   1.02977
5.92   1.02502
5.93   1.0216
5.94   1.01959
5.95   1.01909
5.96   1.02018
5.97   1.02295
5.98   1.02749
5.99   1.03388
6   1.04222
6.01   1.05258
6.02   1.06506
6.03   1.07974
6.04   1.09672
6.05   1.11608
6.06   1.1379
6.07   1.16228
6.08   1.1893
6.09   1.21905
6.1   1.25162
6.11   1.28709
6.12   1.32555
6.13   1.3671
6.14   1.41181
6.15   1.45978
6.16   1.51108
6.17   1.56577
6.18   1.62374
6.19   1.6849
6.2   1.74914
6.21   1.81636
6.22   1.88647
6.23   1.95935
6.24   2.03491
6.25   2.11305
6.26   2.19366
6.27   2.27664
6.28   2.36189
6.29   2.44931
6.3   2.5388
6.31   2.63025
6.32   2.72356
6.33   2.81863
6.34   2.91536
6.35   3.01365
6.36   3.11339
6.37   3.21449
6.38   3.31684
6.39   3.42033
6.4   3.52488
6.41   3.63037
6.42   3.7367
6.43   3.84378
6.44   3.95149
6.45   4.05974
6.46   4.16843
6.47   4.27746
6.48   4.38672
6.49   4.49611
6.5   4.60552
6.51   4.71487
6.52   4.82404
6.53   4.93293
6.54   5.04145
6.55   5.14948
6.56   5.25693
6.57   5.3637
6.58   5.46969
6.59   5.57478
6.6   5.67889
6.61   5.7819
6.62   5.88373
6.63   5.98425
6.64   6.08339
6.65   6.18111
6.66   6.27741
6.67   6.37226
6.68   6.46568
6.69   6.55765
6.7   6.64816
6.71   6.7372
6.72   6.82478
6.73   6.91087
6.74   6.99548
6.75   7.07859
6.76   7.1602
6.77   7.2403
6.78   7.31888
6.79   7.39594
6.8   7.47146
6.81   7.54544
6.82   7.61788
6.83   7.68876
6.84   7.75808
6.85   7.82583
6.86   7.89199
6.87   7.95658
6.88   8.01957
6.89   8.08096
6.9   8.14074
6.91   8.19891
6.92   8.25545
6.93   8.31036
6.94   8.36363
6.95   8.41526
6.96   8.46524
6.97   8.51355
6.98   8.56019
6.99   8.60516
7   8.64844
7.01   8.69004
7.02   8.72993
7.03   8.76812
7.04   8.80459
7.05   8.83934
7.06   8.87236
7.07   8.90365
7.08   8.93319
7.09   8.96098
7.1   8.98701
7.11   9.01127
7.12   9.03379
7.13   9.05461
7.14   9.07377
7.15   9.09132
7.16   9.10732
7.17   9.12181
7.18   9.13483
7.19   9.14643
7.2   9.15667
7.21   9.16558
7.22   9.17322
7.23   9.17964
7.24   9.18487
7.25   9.18897
7.26   9.19198
7.27   9.19396
7.28   9.19495
7.29   9.195
7.3   9.19415
7.31   9.19245
7.32   9.18995
7.33   9.1867
7.34   9.18274
7.35   9.17813
7.36   9.1729
7.37   9.16711
7.38   9.16081
7.39   9.15403
7.4   9.14684
7.41   9.13927
7.42   9.13137
7.43   9.1232
7.44   9.11479
7.45   9.1062
7.46   9.09747
7.47   9.08865
7.48   9.0798
7.49   9.07094
7.5   9.06214
7.51   9.05344
7.52   9.04489
7.53   9.03653
7.54   9.02841
7.55   9.02059
7.56   9.0131
7.57   9.00599
7.58   8.99932
7.59   8.99311
7.6   8.98737
7.61   8.98207
7.62   8.9772
7.63   8.97276
7.64   8.96873
7.65   8.96509
7.66   8.96184
7.67   8.95896
7.68   8.95644
7.69   8.95427
7.7   8.95243
7.71   8.95091
7.72   8.9497
7.73   8.94878
7.74   8.94815
7.75   8.94778
7.76   8.94768
7.77   8.94781
7.78   8.94818
7.79   8.94877
7.8   8.94957
7.81   8.95056
7.82   8.95173
7.83   8.95307
7.84   8.95457
7.85   8.95621
7.86   8.95798
7.87   8.95987
7.88   8.96186
7.89   8.96394
7.9   8.96611
7.91   8.96834
7.92   8.97063
7.93   8.97296
7.94   8.97531
7.95   8.97769
7.96   8.98006
7.97   8.98243
7.98   8.98478
7.99   8.98709
8   8.98936
8.01   8.99156
8.02   8.9937
8.03   8.99575
8.04   8.9977
8.05   8.99954
8.06   9.00125
8.07   9.00285
8.08   9.00432
8.09   9.00568
8.1   9.00692
8.11   9.00805
8.12   9.00907
8.13   9.00999
8.14   9.01081
8.15   9.01153
8.16   9.01216
8.17   9.0127
8.18   9.01315
8.19   9.01351
8.2   9.0138
8.21   9.01401
8.22   9.01414
8.23   9.0142
8.24   9.0142
8.25   9.01413
8.26   9.014
8.27   9.01382
8.28   9.01358
8.29   9.01329
8.3   9.01295
8.31   9.01257
8.32   9.01215
8.33   9.01169
8.34   9.01119
8.35   9.01067
8.36   9.01012
8.37   9.00954
8.38   9.00895
8.39   9.00834
8.4   9.00771
8.41   9.00707
8.42   9.00643
8.43   9.00578
8.44   9.00513
8.45   9.00448
8.46   9.00384
8.47   9.00321
8.48   9.0026
8.49   9.002
8.5   9.00141
8.51   9.00085
8.52   9.00032
8.53   8.99982
8.54   8.99935
8.55   8.9989
8.56   8.99849
8.57   8.99811
8.58   8.99776
8.59   8.99743
8.6   8.99713
8.61   8.99686
8.62   8.99662
8.63   8.9964
8.64   8.9962
8.65   8.99603
8.66   8.99588
8.67   8.99576
8.68   8.99566
8.69   8.99558
8.7   8.99551
8.71   8.99547
8.72   8.99545
8.73   8.99545
8.74   8.99546
8.75   8.9955
8.76   8.99555
8.77   8.99561
8.78   8.99569
8.79   8.99579
8.8   8.9959
8.81   8.99602
8.82   8.99616
8.83   8.9963
8.84   8.99646
8.85   8.99663
8.86   8.99681
8.87   8.997
8.88   8.9972
8.89   8.9974
8.9   8.99761
8.91   8.99783
8.92   8.99806
8.93   8.99829
8.94   8.99853
8.95   8.99877
8.96   8.99901
8.97   8.99925
8.98   8.9995
8.99   8.99975
9   9
