0   0
0.23   2.69742
0.5   5.19042
-0.76   7.38276
1.83293   7.83501
2.8   9.02141
3.32   8.38464
3.4   7.98647
3.46   7.73203
3.52   7.50609
3.58   7.22458
3.64   6.96505
3.7   6.64658
3.76   6.27731
3.82   5.94754
3.88   5.50515
3.96   5.01689
4.04   4.51145
4.12   3.93052
4.2   3.45822
4.3   2.79982
4.42   2.14307
4.58   1.45774
4.51   1.53089
5.81298   2.26227
5.5   2.12509
5.66   2.80898
5.78   3.44673
5.9   4.07909
6   4.60499
6.1   5.12725
6.18   5.57381
6.26   5.98871
6.34   6.36069
6.42   6.76734
6.5   7.04607
6.56   7.28422
6.62   7.57574
6.68   7.75858
6.74   7.99396
6.78   8.16192
6.84   8.5109
6.94   9.0271
7.09   8.96098
7.96   8.98006
8.85   8.99663
