2.7   0
2.69456   0.171245
2.67828   0.3418
2.65121   0.510978
2.61346   0.6781
2.56519   0.84249
2.50659   1.00349
2.4379   1.16045
2.35939   1.31273
2.27138   1.45973
2.17423   1.60085
2.06832   1.73553
1.95408   1.86321
1.83198   1.9834
1.70249   2.0956
1.56615   2.19936
1.42351   2.29426
1.27513   2.37992
1.12162   2.45601
0.963593   2.5222
0.801685   2.57824
0.636549   2.62389
0.46885   2.65898
0.299263   2.68336
0.128471   2.69694
-0.0428381   2.69966
-0.213975   2.69151
-0.38425   2.67252
-0.552978   2.64277
-0.719479   2.60237
-0.883084   2.5515
-1.04313   2.49036
-1.19898   2.41918
-1.35   2.33827
-1.49558   2.24794
-1.63515   2.14856
-1.76812   2.04052
-1.89398   1.92427
-2.01221   1.80028
-2.12234   1.66903
-2.22393   1.53106
-2.31656   1.38693
-2.39986   1.23721
-2.47349   1.08251
-2.53717   0.923454
-2.59063   0.760678
-2.63366   0.594838
-2.66608   0.426604
-2.68777   0.256651
-2.69864   0.0856654
-2.69864   -0.0856654
-2.68777   -0.256651
-2.66608   -0.426604
-2.63366   -0.594838
-2.59063   -0.760678
-2.53717   -0.923454
-2.47349   -1.08251
-2.39986   -1.23721
-2.31656   -1.38693
-2.22393   -1.53106
-2.12234   -1.66903
-2.01221   -1.80028
-1.89398   -1.92427
-1.76812   -2.04052
-1.63515   -2.14856
-1.49558   -2.24794
-1.35   -2.33827
-1.19898   -2.41918
-1.04313   -2.49036
-0.883084   -2.5515
-0.719479   -2.60237
-0.552978   -2.64277
-0.38425   -2.67252
-0.213975   -2.69151
-0.0428381   -2.69966
0.128471   -2.69694
0.299263   -2.68336
0.46885   -2.65898
0.636549   -2.62389
0.801685   -2.57824
0.963593   -2.5222
1.12162   -2.45601
1.27513   -2.37992
1.42351   -2.29426
1.56615   -2.19936
1.70249   -2.0956
1.83198   -1.9834
1.95408   -1.86321
2.06832   -1.73553
2.17423   -1.60085
2.27138   -1.45973
2.35939   -1.31273
2.4379   -1.16045
2.50659   -1.00349
2.56519   -0.84249
2.61346   -0.6781
2.65121   -0.510978
2.67828   -0.3418
2.69456   -0.171245
2.7   -6.61309e-16
2.72315   2.69742
2.71813   2.85555
2.7031   3.01304
2.6781   3.16925
2.64324   3.32357
2.59867   3.47537
2.54456   3.62403
2.48113   3.76897
2.40864   3.90959
2.32737   4.04532
2.23766   4.17563
2.13987   4.29999
2.03438   4.4179
1.92163   4.52887
1.80206   4.63247
1.67617   4.72829
1.54445   4.81592
1.40744   4.89502
1.26569   4.96527
1.11977   5.0264
0.970268   5.07814
0.817783   5.1203
0.662932   5.1527
0.506337   5.17521
0.348629   5.18775
0.190444   5.19026
0.0324177   5.18273
-0.124813   5.1652
-0.280614   5.13773
-0.43436   5.10043
-0.585431   5.05345
-0.733218   4.99699
-0.877126   4.93127
-1.01658   4.85656
-1.15101   4.77315
-1.27988   4.68138
-1.40267   4.58162
-1.51888   4.47428
-1.62806   4.35978
-1.72975   4.23859
-1.82355   4.11119
-1.90908   3.9781
-1.986   3.83985
-2.054   3.697
-2.1128   3.55013
-2.16216   3.39983
-2.2019   3.24669
-2.23184   3.09134
-2.25186   2.93441
-2.2619   2.77653
-2.2619   2.61832
-2.25186   2.46043
-2.23184   2.3035
-2.2019   2.14815
-2.16216   1.99502
-2.1128   1.84471
-2.054   1.69784
-1.986   1.55499
-1.90908   1.41675
-1.82355   1.28366
-1.72975   1.15626
-1.62806   1.03506
-1.51888   0.920566
-1.40267   0.813223
-1.27988   0.713466
-1.15101   0.621698
-1.01658   0.538288
-0.877126   0.463572
-0.733218   0.397852
-0.585431   0.34139
-0.43436   0.294416
-0.280614   0.257118
-0.124813   0.229646
0.0324177   0.21211
0.190444   0.204583
0.348629   0.207093
0.506337   0.219631
0.662932   0.242146
0.817783   0.274547
0.970268   0.316705
1.11977   0.368448
1.26569   0.42957
1.40744   0.499824
1.54445   0.578926
1.67617   0.66656
1.80206   0.76237
1.92163   0.865973
2.03438   0.97695
2.13987   1.09485
2.23766   1.21921
2.32737   1.34952
2.40864   1.48526
2.48113   1.62588
2.54456   1.77081
2.59867   1.91948
2.64324   2.07127
2.6781   2.22559
2.7031   2.38181
2.71813   2.5393
2.72315   2.69742
2.75006   5.19042
2.74553   5.33313
2.73196   5.47526
2.7094   5.61625
2.67795   5.75552
2.63772   5.89251
2.58889   6.02668
2.53164   6.15748
2.46622   6.28439
2.39287   6.4069
2.31191   6.5245
2.22365   6.63673
2.12845   6.74314
2.02669   6.8433
1.91878   6.9368
1.80516   7.02327
1.68629   7.10235
1.56264   7.17374
1.43471   7.23715
1.30302   7.29231
1.16809   7.33901
1.03047   7.37706
0.890719   7.4063
0.749393   7.42662
0.607062   7.43793
0.464301   7.4402
0.321683   7.43341
0.179783   7.41758
0.0391721   7.39279
-0.0995829   7.35912
-0.235924   7.31673
-0.369301   7.26577
-0.499178   7.20646
-0.625031   7.13903
-0.746355   7.06375
-0.86266   6.98093
-0.973478   6.8909
-1.07836   6.79403
-1.17689   6.69069
-1.26867   6.58132
-1.35332   6.46634
-1.43052   6.34623
-1.49994   6.22146
-1.5613   6.09254
-1.61437   5.95999
-1.65892   5.82434
-1.69478   5.68613
-1.7218   5.54593
-1.73987   5.4043
-1.74893   5.26181
-1.74893   5.11903
-1.73987   4.97654
-1.7218   4.83491
-1.69478   4.69471
-1.65892   4.5565
-1.61437   4.42085
-1.5613   4.2883
-1.49994   4.15938
-1.43052   4.03461
-1.35332   3.9145
-1.26867   3.79952
-1.17689   3.69015
-1.07836   3.58681
-0.973478   3.48994
-0.86266   3.3999
-0.746355   3.31708
-0.625031   3.24181
-0.499178   3.17438
-0.369301   3.11506
-0.235924   3.06411
-0.0995829   3.02171
0.0391721   2.98805
0.179783   2.96326
0.321683   2.94743
0.464301   2.94064
0.607062   2.9429
0.749393   2.95422
0.890719   2.97454
1.03047   3.00378
1.16809   3.04183
1.30302   3.08853
1.43471   3.14369
1.56264   3.20709
1.68629   3.27848
1.80516   3.35757
1.91878   3.44404
2.02669   3.53754
2.12845   3.6377
2.22365   3.74411
2.31191   3.85634
2.39287   3.97394
2.46622   4.09645
2.53164   4.22335
2.58889   4.35416
2.63772   4.48832
2.67795   4.62532
2.7094   4.76459
2.73196   4.90558
2.74553   5.04771
2.75006   5.19042
1.96535   7.38276
1.95987   7.55561
1.94343   7.72777
1.9161   7.89854
1.878   8.06723
1.82928   8.23316
1.77013   8.39567
1.70079   8.5541
1.62155   8.70782
1.53271   8.8562
1.43465   8.99864
1.32774   9.13458
1.21243   9.26347
1.08918   9.38478
0.958479   9.49803
0.82086   9.60277
0.676876   9.69856
0.527106   9.78503
0.372153   9.86183
0.212641   9.92864
0.049213   9.9852
-0.117474   10.0313
-0.286747   10.0667
-0.457927   10.0913
-0.630322   10.105
-0.80324   10.1078
-0.975984   10.0995
-1.14786   10.0804
-1.31817   10.0503
-1.48624   10.0096
-1.65138   9.95822
-1.81293   9.8965
-1.97024   9.82466
-2.12268   9.74298
-2.26963   9.65181
-2.4105   9.55149
-2.54473   9.44244
-2.67177   9.3251
-2.79111   9.19994
-2.90227   9.06746
-3.00481   8.9282
-3.09831   8.78271
-3.18239   8.63159
-3.25672   8.47544
-3.32099   8.31488
-3.37496   8.15058
-3.41839   7.98318
-3.45112   7.81337
-3.47301   7.64182
-3.48398   7.46923
-3.48398   7.29629
-3.47301   7.1237
-3.45112   6.95215
-3.41839   6.78233
-3.37496   6.61494
-3.32099   6.45063
-3.25672   6.29008
-3.18239   6.13393
-3.09831   5.98281
-3.00481   5.83732
-2.90227   5.69806
-2.79111   5.56558
-2.67177   5.44042
-2.54473   5.32307
-2.4105   5.21403
-2.26963   5.11371
-2.12268   5.02253
-1.97024   4.94086
-1.81293   4.86902
-1.65138   4.8073
-1.48624   4.75595
-1.31817   4.71518
-1.14786   4.68515
-0.975984   4.66598
-0.80324   4.65775
-0.630322   4.66049
-0.457927   4.6742
-0.286747   4.69881
-0.117474   4.73423
0.049213   4.78031
0.212641   4.83688
0.372153   4.90369
0.527106   4.98049
0.676876   5.06696
0.82086   5.16275
0.958479   5.26749
1.08918   5.38074
1.21243   5.50205
1.32774   5.63094
1.43465   5.76688
1.53271   5.90932
1.62155   6.0577
1.70079   6.21142
1.77013   6.36985
1.82928   6.53236
1.878   6.69829
1.9161   6.86698
1.94343   7.03775
1.95987   7.20991
1.96535   7.38276
3   7.83501
2.99766   7.90904
2.99062   7.98276
2.97891   8.05588
2.9626   8.12812
2.94173   8.19918
2.91641   8.26877
2.88671   8.33662
2.85278   8.40244
2.81474   8.46598
2.77274   8.52698
2.72696   8.58519
2.67758   8.64039
2.6248   8.69234
2.56883   8.74083
2.5099   8.78568
2.44824   8.82671
2.38411   8.86373
2.31775   8.89662
2.24944   8.92523
2.17946   8.94946
2.10808   8.96919
2.03559   8.98436
1.96229   8.9949
1.88846   9.00077
1.81442   9.00194
1.74044   8.99842
1.66684   8.99021
1.59391   8.97735
1.52194   8.95989
1.45122   8.9379
1.38204   8.91147
1.31467   8.8807
1.2494   8.84573
1.18647   8.80668
1.12614   8.76373
1.06866   8.71703
1.01426   8.66678
0.963155   8.61318
0.915551   8.55645
0.871642   8.49681
0.831603   8.43451
0.795597   8.3698
0.763767   8.30293
0.736243   8.23418
0.713134   8.16382
0.694535   8.09213
0.68052   8.01941
0.671144   7.94595
0.666447   7.87204
0.666447   7.79799
0.671144   7.72408
0.68052   7.65062
0.694535   7.5779
0.713134   7.50621
0.736243   7.43585
0.763767   7.3671
0.795597   7.30023
0.831603   7.23552
0.871642   7.17321
0.915551   7.11358
0.963155   7.05685
1.01426   7.00325
1.06866   6.953
1.12614   6.9063
1.18647   6.86335
1.2494   6.8243
1.31467   6.78933
1.38204   6.75856
1.45122   6.73213
1.52194   6.71014
1.59391   6.69268
1.66684   6.67982
1.74044   6.67161
1.81442   6.66809
1.88846   6.66926
1.96229   6.67513
2.03559   6.68567
2.10808   6.70084
2.17946   6.72057
2.24944   6.7448
2.31775   6.77341
2.38411   6.80629
2.44824   6.84332
2.5099   6.88435
2.56883   6.9292
2.6248   6.97769
2.67758   7.02964
2.72696   7.08484
2.77274   7.14305
2.81474   7.20405
2.85278   7.26759
2.88671   7.33341
2.91641   7.40126
2.94173   7.47085
2.9626   7.54191
2.97891   7.61415
2.99062   7.68727
2.99766   7.76099
3   7.83501
3.68073   9.02141
3.67896   9.07727
3.67365   9.13291
3.66482   9.18809
3.6525   9.24261
3.63676   9.29623
3.61764   9.34875
3.59524   9.39995
3.56963   9.44962
3.54092   9.49757
3.50923   9.54361
3.47468   9.58754
3.43742   9.62919
3.39758   9.66839
3.35535   9.70499
3.31087   9.73884
3.26434   9.76979
3.21594   9.79774
3.16587   9.82256
3.11432   9.84415
3.06151   9.86243
3.00764   9.87732
2.95294   9.88877
2.89762   9.89672
2.84191   9.90115
2.78603   9.90203
2.7302   9.89938
2.67466   9.89318
2.61962   9.88348
2.56531   9.8703
2.51194   9.85371
2.45973   9.83376
2.4089   9.81054
2.35963   9.78415
2.31215   9.75468
2.26662   9.72227
2.22324   9.68703
2.18219   9.64911
2.14362   9.60866
2.1077   9.56585
2.07456   9.52084
2.04435   9.47383
2.01718   9.42499
1.99315   9.37453
1.97238   9.32264
1.95494   9.26955
1.94091   9.21545
1.93033   9.16057
1.92326   9.10513
1.91971   9.04936
1.91971   8.99347
1.92326   8.9377
1.93033   8.88226
1.94091   8.82738
1.95494   8.77328
1.97238   8.72019
1.99315   8.6683
2.01718   8.61784
2.04435   8.569
2.07456   8.52199
2.1077   8.47698
2.14362   8.43417
2.18219   8.39372
2.22324   8.3558
2.26662   8.32056
2.31215   8.28814
2.35963   8.25868
2.4089   8.23229
2.45973   8.20907
2.51194   8.18912
2.56531   8.17253
2.61962   8.15935
2.67466   8.14965
2.7302   8.14345
2.78603   8.14079
2.84191   8.14168
2.89762   8.14611
2.95294   8.15406
3.00764   8.16551
3.06151   8.1804
3.11432   8.19868
3.16587   8.22027
3.21594   8.24509
3.26434   8.27304
3.31087   8.30399
3.35535   8.33784
3.39758   8.37444
3.43742   8.41364
3.47468   8.45529
3.50923   8.49922
3.54092   8.54526
3.56963   8.59321
3.59524   8.64288
3.61764   8.69408
3.63676   8.7466
3.6525   8.80022
3.66482   8.85474
3.67365   8.90992
3.67896   8.96556
3.68073   9.02141
3.82035   8.38464
3.81934   8.41637
3.81632   8.44798
3.81131   8.47933
3.80431   8.5103
3.79537   8.54077
3.78451   8.5706
3.77178   8.59969
3.75723   8.62791
3.74092   8.65515
3.72292   8.6813
3.70329   8.70626
3.68212   8.72992
3.65949   8.75219
3.6355   8.77298
3.61023   8.79221
3.5838   8.8098
3.5563   8.82567
3.52785   8.83977
3.49857   8.85204
3.46856   8.86242
3.43796   8.87088
3.40688   8.87739
3.37546   8.88191
3.34381   8.88442
3.31206   8.88493
3.28035   8.88341
3.24879   8.8799
3.21753   8.87438
3.18667   8.8669
3.15635   8.85747
3.12669   8.84614
3.09781   8.83295
3.06983   8.81795
3.04285   8.80122
3.01698   8.7828
2.99234   8.76278
2.96902   8.74124
2.94711   8.71826
2.9267   8.69394
2.90787   8.66837
2.89071   8.64166
2.87527   8.61391
2.86163   8.58525
2.84983   8.55577
2.83992   8.5256
2.83195   8.49487
2.82594   8.4637
2.82192   8.4322
2.8199   8.40052
2.8199   8.36877
2.82192   8.33708
2.82594   8.30558
2.83195   8.27441
2.83992   8.24368
2.84983   8.21351
2.86163   8.18404
2.87527   8.15537
2.89071   8.12762
2.90787   8.10091
2.9267   8.07535
2.94711   8.05102
2.96902   8.02805
2.99234   8.0065
3.01698   7.98648
3.04285   7.96807
3.06983   7.95133
3.09781   7.93633
3.12669   7.92314
3.15635   7.91181
3.18667   7.90238
3.21753   7.8949
3.24879   7.88939
3.28035   7.88587
3.31206   7.88436
3.34381   7.88486
3.37546   7.88738
3.40688   7.89189
3.43796   7.8984
3.46856   7.90686
3.49857   7.91724
3.52785   7.92951
3.5563   7.94361
3.5838   7.95948
3.61023   7.97707
3.6355   7.9963
3.65949   8.01709
3.68212   8.03936
3.70329   8.06302
3.72292   8.08798
3.74092   8.11413
3.75723   8.14137
3.77178   8.16959
3.78451   8.19868
3.79537   8.22852
3.80431   8.25898
3.81131   8.28995
3.81632   8.3213
3.81934   8.35291
3.82035   8.38464
3.80023   7.98647
3.79942   8.01185
3.79701   8.03713
3.793   8.06221
3.7874   8.08698
3.78025   8.11135
3.77156   8.13522
3.76138   8.15848
3.74974   8.18106
3.73669   8.20285
3.72229   8.22377
3.70659   8.24373
3.68966   8.26266
3.67156   8.28047
3.65237   8.2971
3.63216   8.31248
3.61101   8.32655
3.58902   8.33925
3.56626   8.35053
3.54284   8.36034
3.51884   8.36865
3.49436   8.37541
3.4695   8.38062
3.44436   8.38423
3.41904   8.38624
3.39365   8.38665
3.36828   8.38544
3.34304   8.38262
3.31803   8.37821
3.29335   8.37222
3.2691   8.36468
3.24537   8.35562
3.22227   8.34507
3.19989   8.33308
3.17831   8.31969
3.15762   8.30495
3.13791   8.28894
3.11925   8.27171
3.10172   8.25333
3.0854   8.23387
3.07034   8.21342
3.05661   8.19206
3.04426   8.16986
3.03335   8.14693
3.02391   8.12335
3.01598   8.09922
3.0096   8.07464
3.0048   8.0497
3.00158   8.02451
2.99997   7.99917
2.99997   7.97377
3.00158   7.94842
3.0048   7.92323
3.0096   7.89829
3.01598   7.87371
3.02391   7.84958
3.03335   7.826
3.04426   7.80307
3.05661   7.78088
3.07034   7.75951
3.0854   7.73906
3.10172   7.71961
3.11925   7.70123
3.13791   7.68399
3.15762   7.66798
3.17831   7.65325
3.19989   7.63986
3.22227   7.62786
3.24537   7.61731
3.2691   7.60825
3.29335   7.60071
3.31803   7.59472
3.34304   7.59031
3.36828   7.5875
3.39365   7.58629
3.41904   7.58669
3.44436   7.5887
3.4695   7.59232
3.49436   7.59752
3.51884   7.60429
3.54284   7.61259
3.56626   7.62241
3.58902   7.63368
3.61101   7.64638
3.63216   7.66045
3.65237   7.67583
3.67156   7.69246
3.68966   7.71028
3.70659   7.7292
3.72229   7.74917
3.73669   7.77009
3.74974   7.79188
3.76138   7.81445
3.77156   7.83772
3.78025   7.86158
3.7874   7.88595
3.793   7.91072
3.79701   7.9358
3.79942   7.96108
3.80023   7.98647
3.92071   7.73203
3.91978   7.76125
3.917   7.79035
3.91238   7.81922
3.90594   7.84774
3.89771   7.87579
3.88771   7.90326
3.87599   7.93004
3.86259   7.95603
3.84757   7.98111
3.831   8.00519
3.81292   8.02817
3.79343   8.04996
3.7726   8.07046
3.7505   8.08961
3.72724   8.10731
3.7029   8.12351
3.67758   8.13812
3.65139   8.15111
3.62442   8.1624
3.59679   8.17196
3.56862   8.17975
3.54   8.18574
3.51106   8.1899
3.48192   8.19222
3.45269   8.19268
3.42349   8.19129
3.39443   8.18805
3.36564   8.18297
3.33723   8.17608
3.30932   8.1674
3.28201   8.15697
3.25541   8.14482
3.22965   8.13102
3.2048   8.1156
3.18099   8.09865
3.1583   8.08021
3.13682   8.06038
3.11665   8.03922
3.09786   8.01682
3.08053   7.99328
3.06472   7.96869
3.05051   7.94314
3.03794   7.91674
3.02708   7.8896
3.01795   7.86183
3.01061   7.83353
3.00508   7.80482
3.00138   7.77582
2.99952   7.74665
2.99952   7.71741
3.00138   7.68824
3.00508   7.65924
3.01061   7.63053
3.01795   7.60223
3.02708   7.57446
3.03794   7.54732
3.05051   7.52092
3.06472   7.49538
3.08053   7.47078
3.09786   7.44724
3.11665   7.42485
3.13682   7.40369
3.1583   7.38385
3.18099   7.36542
3.2048   7.34846
3.22965   7.33305
3.25541   7.31924
3.28201   7.30709
3.30932   7.29666
3.33723   7.28798
3.36564   7.28109
3.39443   7.27601
3.42349   7.27277
3.45269   7.27138
3.48192   7.27184
3.51106   7.27416
3.54   7.27832
3.56862   7.28431
3.59679   7.2921
3.62442   7.30166
3.65139   7.31296
3.67758   7.32594
3.7029   7.34056
3.72724   7.35675
3.7505   7.37445
3.7726   7.3936
3.79343   7.41411
3.81292   7.43589
3.831   7.45887
3.84757   7.48295
3.86259   7.50804
3.87599   7.53402
3.88771   7.5608
3.89771   7.58828
3.90594   7.61633
3.91238   7.64484
3.917   7.67371
3.91978   7.70281
3.92071   7.73203
4.04008   7.50609
4.03903   7.53907
4.03589   7.57193
4.03068   7.60451
4.02341   7.63671
4.01411   7.66837
4.00282   7.69938
3.98959   7.72962
3.97447   7.75895
3.95752   7.78726
3.9388   7.81445
3.9184   7.84039
3.8964   7.86498
3.87288   7.88813
3.84794   7.90975
3.82168   7.92973
3.7942   7.94801
3.76562   7.96451
3.73605   7.97917
3.70561   7.99192
3.67442   8.00271
3.64261   8.01151
3.61031   8.01827
3.57764   8.02296
3.54475   8.02558
3.51175   8.0261
3.47878   8.02453
3.44599   8.02087
3.41348   8.01514
3.38141   8.00736
3.3499   7.99756
3.31907   7.98579
3.28905   7.97208
3.25996   7.95649
3.23192   7.93909
3.20504   7.91995
3.17942   7.89914
3.15518   7.87675
3.1324   7.85286
3.11119   7.82758
3.09162   7.801
3.07378   7.77324
3.05774   7.7444
3.04355   7.7146
3.03129   7.68397
3.02099   7.65261
3.0127   7.62067
3.00645   7.58826
3.00228   7.55553
3.00018   7.52259
3.00018   7.48959
3.00228   7.45665
3.00645   7.42392
3.0127   7.39151
3.02099   7.35957
3.03129   7.32821
3.04355   7.29757
3.05774   7.26777
3.07378   7.23894
3.09162   7.21117
3.11119   7.1846
3.1324   7.15932
3.15518   7.13543
3.17942   7.11304
3.20504   7.09223
3.23192   7.07309
3.25996   7.05569
3.28905   7.0401
3.31907   7.02639
3.3499   7.01461
3.38141   7.00481
3.41348   6.99703
3.44599   6.9913
3.47878   6.98765
3.51175   6.98608
3.54475   6.9866
3.57764   6.98921
3.61031   6.99391
3.64261   7.00067
3.67442   7.00946
3.70561   7.02026
3.73605   7.03301
3.76562   7.04766
3.7942   7.06416
3.82168   7.08244
3.84794   7.10243
3.87288   7.12404
3.8964   7.14719
3.9184   7.17179
3.9388   7.19773
3.95752   7.22491
3.97447   7.25323
3.98959   7.28256
4.00282   7.31279
4.01411   7.34381
4.02341   7.37547
4.03068   7.40766
4.03589   7.44025
4.03903   7.4731
4.04008   7.50609
4.16092   7.22458
4.15975   7.26142
4.15624   7.29811
4.15042   7.33451
4.1423   7.37047
4.13191   7.40584
4.11931   7.44048
4.10453   7.47425
4.08764   7.50702
4.0687   7.53864
4.0478   7.56901
4.02501   7.59798
4.00043   7.62545
3.97416   7.65131
3.9463   7.67545
3.91697   7.69778
3.88628   7.7182
3.85435   7.73663
3.82132   7.753
3.78732   7.76724
3.75249   7.7793
3.71696   7.78912
3.68088   7.79667
3.64439   7.80191
3.60764   7.80484
3.57078   7.80542
3.53396   7.80367
3.49733   7.79958
3.46102   7.79318
3.4252   7.78449
3.39   7.77354
3.35556   7.76039
3.32203   7.74507
3.28954   7.72767
3.25822   7.70823
3.22819   7.68685
3.19958   7.6636
3.1725   7.63859
3.14706   7.61191
3.12337   7.58368
3.10151   7.55399
3.08158   7.52298
3.06366   7.49077
3.04782   7.45748
3.03412   7.42326
3.02261   7.38824
3.01335   7.35256
3.00638   7.31636
3.00171   7.27979
2.99937   7.24301
2.99937   7.20614
3.00171   7.16936
3.00638   7.13279
3.01335   7.09659
3.02261   7.06091
3.03412   7.02589
3.04782   6.99167
3.06366   6.95838
3.08158   6.92617
3.10151   6.89516
3.12337   6.86548
3.14706   6.83724
3.1725   6.81056
3.19958   6.78555
3.22819   6.7623
3.25822   6.74092
3.28954   6.72148
3.32203   6.70408
3.35556   6.68876
3.39   6.67561
3.4252   6.66466
3.46102   6.65597
3.49733   6.64957
3.53396   6.64548
3.57078   6.64373
3.60764   6.64431
3.64439   6.64724
3.68088   6.65248
3.71696   6.66003
3.75249   6.66985
3.78732   6.68191
3.82132   6.69615
3.85435   6.71252
3.88628   6.73095
3.91697   6.75137
3.9463   6.7737
3.97416   6.79784
4.00043   6.8237
4.02501   6.85117
4.0478   6.88014
4.0687   6.91051
4.08764   6.94213
4.10453   6.9749
4.11931   7.00867
4.13191   7.04331
4.1423   7.07868
4.15042   7.11464
4.15624   7.15104
4.15975   7.18773
4.16092   7.22458
4.28019   6.96505
4.2789   7.00565
4.27504   7.04609
4.26862   7.08621
4.25967   7.12583
4.24823   7.16481
4.23433   7.20298
4.21804   7.2402
4.19943   7.27631
4.17856   7.31116
4.15553   7.34462
4.13041   7.37655
4.10333   7.40683
4.07437   7.43533
4.04367   7.46193
4.01135   7.48653
3.97752   7.50903
3.94234   7.52935
3.90594   7.54739
3.86847   7.56308
3.83009   7.57637
3.79093   7.58719
3.75117   7.59551
3.71096   7.60129
3.67046   7.60451
3.62984   7.60516
3.58927   7.60322
3.54889   7.59872
3.50889   7.59167
3.46941   7.58209
3.43061   7.57003
3.39267   7.55553
3.35571   7.53865
3.31991   7.51947
3.28539   7.49805
3.2523   7.47449
3.22077   7.44887
3.19092   7.42131
3.16289   7.39191
3.13678   7.36079
3.11269   7.32807
3.09073   7.2939
3.07098   7.2584
3.05352   7.22172
3.03842   7.18401
3.02574   7.14541
3.01554   7.10609
3.00785   7.0662
3.00271   7.0259
3.00013   6.98536
3.00013   6.94474
3.00271   6.9042
3.00785   6.8639
3.01554   6.82401
3.02574   6.78469
3.03842   6.74609
3.05352   6.70838
3.07098   6.6717
3.09073   6.6362
3.11269   6.60202
3.13678   6.56931
3.16289   6.53819
3.19092   6.50879
3.22077   6.48123
3.2523   6.45561
3.28539   6.43205
3.31991   6.41063
3.35571   6.39144
3.39267   6.37457
3.43061   6.36007
3.46941   6.34801
3.50889   6.33843
3.54889   6.33138
3.58927   6.32687
3.62984   6.32494
3.67046   6.32559
3.71096   6.3288
3.75117   6.33459
3.79093   6.34291
3.83009   6.35373
3.86847   6.36702
3.90594   6.38271
3.94234   6.40075
3.97752   6.42106
4.01135   6.44357
4.04367   6.46817
4.07437   6.49477
4.10333   6.52327
4.13041   6.55354
4.15553   6.58548
4.17856   6.61894
4.19943   6.65379
4.21804   6.6899
4.23433   6.72711
4.24823   6.76529
4.25967   6.80427
4.26862   6.84389
4.27504   6.88401
4.2789   6.92445
4.28019   6.96505
4.40029   6.64658
4.39888   6.691
4.39466   6.73523
4.38764   6.77911
4.37785   6.82246
4.36533   6.8651
4.35013   6.90685
4.33231   6.94756
4.31195   6.98706
4.28913   7.02519
4.26393   7.06179
4.23646   7.09672
4.20683   7.12984
4.17516   7.16101
4.14157   7.19011
4.10621   7.21702
4.06921   7.24164
4.03073   7.26386
3.99091   7.28359
3.94993   7.30076
3.90793   7.31529
3.8651   7.32713
3.8216   7.33624
3.77762   7.34256
3.73332   7.34608
3.68889   7.34679
3.6445   7.34467
3.60034   7.33975
3.55657   7.33203
3.51339   7.32155
3.47096   7.30836
3.42944   7.2925
3.38902   7.27404
3.34985   7.25305
3.31209   7.22962
3.27589   7.20385
3.2414   7.17583
3.20876   7.14568
3.1781   7.11351
3.14953   7.07947
3.12318   7.04369
3.09916   7.00631
3.07755   6.96747
3.05845   6.92735
3.04194   6.8861
3.02807   6.84388
3.01691   6.80086
3.0085   6.75723
3.00288   6.71315
3.00006   6.6688
3.00006   6.62436
3.00288   6.58001
3.0085   6.53593
3.01691   6.4923
3.02807   6.44928
3.04194   6.40707
3.05845   6.36581
3.07755   6.32569
3.09916   6.28685
3.12318   6.24947
3.14953   6.21369
3.1781   6.17965
3.20876   6.14748
3.2414   6.11733
3.27589   6.08931
3.31209   6.06354
3.34985   6.04011
3.38902   6.01912
3.42944   6.00066
3.47096   5.9848
3.51339   5.97161
3.55657   5.96113
3.60034   5.95341
3.6445   5.94849
3.68889   5.94637
3.73332   5.94708
3.77762   5.9506
3.8216   5.95692
3.8651   5.96603
3.90793   5.97787
3.94993   5.9924
3.99091   6.00957
4.03073   6.0293
4.06921   6.05152
4.10621   6.07614
4.14157   6.10305
4.17516   6.13215
4.20683   6.16332
4.23646   6.19644
4.26393   6.23137
4.28913   6.26797
4.31195   6.3061
4.33231   6.3456
4.35013   6.38631
4.36533   6.42806
4.37785   6.4707
4.38764   6.51405
4.39466   6.55793
4.39888   6.60216
4.40029   6.64658
4.52044   6.27731
4.5189   6.32554
4.51432   6.37358
4.50669   6.42122
4.49606   6.46829
4.48247   6.51459
4.46596   6.55994
4.44662   6.60414
4.42451   6.64703
4.39972   6.68843
4.37236   6.72818
4.34253   6.76611
4.31035   6.80207
4.27596   6.83592
4.23949   6.86752
4.2011   6.89674
4.16092   6.92347
4.11913   6.9476
4.0759   6.96903
4.03139   6.98767
3.98579   7.00345
3.93928   7.01631
3.89205   7.02619
3.84429   7.03306
3.79618   7.03689
3.74793   7.03765
3.69974   7.03535
3.65178   7.03001
3.60426   7.02163
3.55736   7.01025
3.51129   6.99592
3.46621   6.9787
3.42232   6.95866
3.37978   6.93587
3.33878   6.91043
3.29947   6.88244
3.26202   6.85201
3.22657   6.81927
3.19327   6.78435
3.16226   6.74738
3.13365   6.70852
3.10756   6.66793
3.0841   6.62576
3.06336   6.58219
3.04542   6.5374
3.03037   6.49155
3.01825   6.44484
3.00912   6.39746
3.00301   6.3496
2.99995   6.30144
2.99995   6.25318
3.00301   6.20503
3.00912   6.15716
3.01825   6.10978
3.03037   6.06307
3.04542   6.01723
3.06336   5.97243
3.0841   5.92886
3.10756   5.88669
3.13365   5.8461
3.16226   5.80724
3.19327   5.77028
3.22657   5.73535
3.26202   5.70261
3.29947   5.67219
3.33878   5.6442
3.37978   5.61876
3.42232   5.59597
3.46621   5.57592
3.51129   5.5587
3.55736   5.54437
3.60426   5.533
3.65178   5.52462
3.69974   5.51927
3.74793   5.51697
3.79618   5.51774
3.84429   5.52156
3.89205   5.52843
3.93928   5.53831
3.98579   5.55117
4.03139   5.56695
4.0759   5.5856
4.11913   5.60702
4.16092   5.63115
4.2011   5.65788
4.23949   5.6871
4.27596   5.7187
4.31035   5.75255
4.34253   5.78851
4.37236   5.82644
4.39972   5.86619
4.42451   5.90759
4.44662   5.95048
4.46596   5.99469
4.48247   6.04003
4.49606   6.08633
4.50669   6.1334
4.51432   6.18105
4.5189   6.22908
4.52044   6.27731
4.64063   5.94754
4.63898   5.99959
4.63403   6.05143
4.6258   6.10285
4.61433   6.15364
4.59966   6.20361
4.58185   6.25254
4.56097   6.30025
4.53711   6.34653
4.51036   6.39121
4.48083   6.4341
4.44864   6.47504
4.41392   6.51385
4.37681   6.55037
4.33745   6.58448
4.29601   6.61601
4.25266   6.64486
4.20756   6.67089
4.1609   6.69402
4.11287   6.71414
4.06366   6.73117
4.01347   6.74504
3.9625   6.75571
3.91096   6.76312
3.85905   6.76725
3.80698   6.76807
3.75496   6.7656
3.70321   6.75982
3.65193   6.75078
3.60132   6.7385
3.5516   6.72304
3.50295   6.70446
3.45558   6.68283
3.40968   6.65823
3.36543   6.63078
3.32302   6.60057
3.2826   6.56774
3.24435   6.5324
3.20841   6.49472
3.17494   6.45483
3.14406   6.41289
3.11591   6.36908
3.09059   6.32358
3.06821   6.27656
3.04886   6.22822
3.03261   6.17874
3.01953   6.12834
3.00967   6.0772
3.00308   6.02555
2.99978   5.97358
2.99978   5.92151
3.00308   5.86954
3.00967   5.81788
3.01953   5.76675
3.03261   5.71634
3.04886   5.66687
3.06821   5.61853
3.09059   5.57151
3.11591   5.526
3.14406   5.48219
3.17494   5.44026
3.20841   5.40037
3.24435   5.36268
3.2826   5.32735
3.32302   5.29451
3.36543   5.26431
3.40968   5.23685
3.45558   5.21226
3.50295   5.19063
3.5516   5.17204
3.60132   5.15658
3.65193   5.1443
3.70321   5.13526
3.75496   5.12949
3.80698   5.12701
3.85905   5.12784
3.91096   5.13197
3.9625   5.13938
4.01347   5.15004
4.06366   5.16392
4.11287   5.18095
4.1609   5.20107
4.20756   5.22419
4.25266   5.25023
4.29601   5.27907
4.33745   5.31061
4.37681   5.34471
4.41392   5.38124
4.44864   5.42005
4.48083   5.46098
4.51036   5.50387
4.53711   5.54855
4.56097   5.59484
4.58185   5.64254
4.59966   5.69148
4.61433   5.74144
4.6258   5.79224
4.63403   5.84366
4.63898   5.8955
4.64063   5.94754
4.76006   5.50515
4.75829   5.56097
4.75298   5.61656
4.74416   5.6717
4.73185   5.72618
4.71612   5.77976
4.69702   5.83224
4.67463   5.8834
4.64904   5.93303
4.62035   5.98095
4.58869   6.02695
4.55416   6.07084
4.51693   6.11246
4.47713   6.15164
4.43492   6.18821
4.39048   6.22203
4.34399   6.25296
4.29563   6.28088
4.24559   6.30568
4.19408   6.32726
4.14131   6.34552
4.08748   6.3604
4.03282   6.37184
3.97754   6.37979
3.92187   6.38421
3.86604   6.3851
3.81026   6.38244
3.75475   6.37625
3.69976   6.36656
3.64549   6.35339
3.59216   6.33681
3.53999   6.31688
3.4892   6.29368
3.43997   6.26731
3.39252   6.23786
3.34703   6.20547
3.30368   6.17026
3.26266   6.13236
3.22412   6.09195
3.18823   6.04917
3.15512   6.0042
3.12492   5.95722
3.09777   5.90842
3.07377   5.85799
3.05301   5.80615
3.03559   5.75309
3.02156   5.69904
3.011   5.6442
3.00393   5.58881
3.00038   5.53307
3.00038   5.47723
3.00393   5.4215
3.011   5.3661
3.02156   5.31127
3.03559   5.25721
3.05301   5.20415
3.07377   5.15231
3.09777   5.10189
3.12492   5.05309
3.15512   5.00611
3.18823   4.96114
3.22412   4.91836
3.26266   4.87794
3.30368   4.84005
3.34703   4.80483
3.39252   4.77244
3.43997   4.743
3.4892   4.71662
3.53999   4.69343
3.59216   4.6735
3.64549   4.65691
3.69976   4.64375
3.75475   4.63405
3.81026   4.62786
3.86604   4.6252
3.92187   4.62609
3.97754   4.63052
4.03282   4.63846
4.08748   4.6499
4.14131   4.66478
4.19408   4.68305
4.24559   4.70462
4.29563   4.72942
4.34399   4.75734
4.39048   4.78828
4.43492   4.8221
4.47713   4.85867
4.51693   4.89784
4.55416   4.93946
4.58869   4.98336
4.62035   5.02936
4.64904   5.07727
4.67463   5.12691
4.69702   5.17807
4.71612   5.23054
4.73185   5.28413
4.74416   5.3386
4.75298   5.39374
4.75829   5.44934
4.76006   5.50515
4.92002   5.01689
4.91809   5.07778
4.9123   5.13843
4.90268   5.19858
4.88925   5.258
4.87209   5.31645
4.85126   5.3737
4.82683   5.42951
4.79892   5.48365
4.76762   5.53592
4.73308   5.5861
4.69542   5.63399
4.6548   5.67939
4.61139   5.72212
4.56535   5.76201
4.51687   5.79891
4.46615   5.83265
4.41339   5.86311
4.35881   5.89016
4.30262   5.9137
4.24505   5.93362
4.18633   5.94986
4.12671   5.96233
4.06641   5.971
4.00568   5.97583
3.94477   5.9768
3.88392   5.9739
3.82337   5.96715
3.76338   5.95657
3.70418   5.94221
3.64601   5.92412
3.5891   5.90238
3.53369   5.87707
3.47999   5.8483
3.42822   5.81618
3.3786   5.78084
3.33132   5.74243
3.28657   5.7011
3.24453   5.65701
3.20537   5.61034
3.16925   5.56129
3.13632   5.51004
3.1067   5.4568
3.08051   5.4018
3.05787   5.34524
3.03886   5.28736
3.02356   5.2284
3.01203   5.16858
3.00432   5.10815
3.00046   5.04735
3.00046   4.98643
3.00432   4.92564
3.01203   4.86521
3.02356   4.80539
3.03886   4.74642
3.05787   4.68855
3.08051   4.63199
3.1067   4.57699
3.13632   4.52375
3.16925   4.4725
3.20537   4.42345
3.24453   4.37678
3.28657   4.33269
3.33132   4.29136
3.3786   4.25294
3.42822   4.21761
3.47999   4.18549
3.53369   4.15672
3.5891   4.13141
3.64601   4.10967
3.70418   4.09158
3.76338   4.07722
3.82337   4.06664
3.88392   4.05989
3.94477   4.05699
4.00568   4.05796
4.06641   4.06279
4.12671   4.07146
4.18633   4.08393
4.24505   4.10017
4.30262   4.12009
4.35881   4.14363
4.41339   4.17068
4.46615   4.20114
4.51687   4.23488
4.56535   4.27177
4.61139   4.31167
4.6548   4.3544
4.69542   4.3998
4.73308   4.44769
4.76762   4.49787
4.79892   4.55013
4.82683   4.60428
4.85126   4.66009
4.87209   4.71733
4.88925   4.77579
4.90268   4.83521
4.9123   4.89536
4.91809   4.95601
4.92002   5.01689
5.08009   4.51145
5.078   4.57742
5.07172   4.64312
5.0613   4.70829
5.04676   4.77267
5.02816   4.836
5.00559   4.89802
4.97913   4.95848
4.94888   5.01714
4.91498   5.07377
4.87755   5.12813
4.83676   5.18001
4.79275   5.2292
4.74571   5.2755
4.69583   5.31872
4.64331   5.35869
4.58836   5.39525
4.53121   5.42825
4.47207   5.45755
4.41119   5.48305
4.34882   5.50464
4.28521   5.52223
4.22061   5.53574
4.15528   5.54514
4.08949   5.55037
4.0235   5.55141
3.95757   5.54827
3.89198   5.54096
3.82698   5.5295
3.76284   5.51394
3.69982   5.49434
3.63817   5.47079
3.57813   5.44337
3.51995   5.4122
3.46387   5.3774
3.41011   5.33912
3.35888   5.2975
3.3104   5.25272
3.26486   5.20495
3.22243   5.15439
3.1833   5.10125
3.14762   5.04572
3.11553   4.98805
3.08716   4.92846
3.06263   4.86719
3.04204   4.80448
3.02546   4.7406
3.01297   4.67579
3.00462   4.61032
3.00043   4.54445
3.00043   4.47845
3.00462   4.41259
3.01297   4.34712
3.02546   4.28231
3.04204   4.21843
3.06263   4.15572
3.08716   4.09445
3.11553   4.03486
3.14762   3.97718
3.1833   3.92166
3.22243   3.86851
3.26486   3.81795
3.3104   3.77019
3.35888   3.7254
3.41011   3.68379
3.46387   3.6455
3.51995   3.61071
3.57813   3.57954
3.63817   3.55212
3.69982   3.52857
3.76284   3.50897
3.82698   3.49341
3.89198   3.48195
3.95757   3.47463
4.0235   3.47149
4.08949   3.47254
4.15528   3.47777
4.22061   3.48716
4.28521   3.50068
4.34882   3.51827
4.41119   3.53985
4.47207   3.56535
4.53121   3.59466
4.58836   3.62766
4.64331   3.66422
4.69583   3.70419
4.74571   3.74741
4.79275   3.79371
4.83676   3.84289
4.87755   3.89477
4.91498   3.94914
4.94888   4.00576
4.97913   4.06443
5.00559   4.12489
5.02816   4.18691
5.04676   4.25024
5.0613   4.31461
5.07172   4.37979
5.078   4.44549
5.08009   4.51145
5.24038   3.93052
5.23812   4.00158
5.23136   4.07235
5.22013   4.14255
5.20447   4.2119
5.18444   4.28012
5.16012   4.34692
5.13162   4.41205
5.09904   4.47524
5.06252   4.53624
5.02221   4.5948
4.97826   4.65069
4.93086   4.70367
4.88019   4.75354
4.82646   4.8001
4.76988   4.84315
4.71069   4.88253
4.64912   4.91808
4.58542   4.94965
4.51985   4.97712
4.45266   5.00037
4.38414   5.01932
4.31455   5.03388
4.24418   5.04399
4.17331   5.04963
4.10222   5.05076
4.03121   5.04737
3.96055   5.03949
3.89054   5.02715
3.82145   5.01039
3.75356   4.98928
3.68715   4.96391
3.62248   4.93437
3.55981   4.9008
3.4994   4.86331
3.44149   4.82207
3.38631   4.77725
3.33408   4.72901
3.28502   4.67755
3.23932   4.62309
3.19717   4.56584
3.15873   4.50603
3.12417   4.44391
3.09361   4.37971
3.06719   4.31371
3.04501   4.24617
3.02715   4.17735
3.0137   4.10754
3.0047   4.03702
3.00019   3.96607
3.00019   3.89497
3.0047   3.82402
3.0137   3.7535
3.02715   3.68369
3.04501   3.61487
3.06719   3.54733
3.09361   3.48133
3.12417   3.41713
3.15873   3.35501
3.19717   3.2952
3.23932   3.23795
3.28502   3.18349
3.33408   3.13203
3.38631   3.0838
3.44149   3.03897
3.4994   2.99773
3.55981   2.96025
3.62248   2.92667
3.68715   2.89714
3.75356   2.87176
3.82145   2.85065
3.89054   2.83389
3.96055   2.82155
4.03121   2.81367
4.10222   2.81028
4.17331   2.81141
4.24418   2.81705
4.31455   2.82716
4.38414   2.84173
4.45266   2.86067
4.51985   2.88392
4.58542   2.91139
4.64912   2.94296
4.71069   2.97851
4.76988   3.01789
4.82646   3.06094
4.88019   3.1075
4.93086   3.15737
4.97826   3.21036
5.02221   3.26624
5.06252   3.3248
5.09904   3.3858
5.13162   3.44899
5.16012   3.51412
5.18444   3.58093
5.20447   3.64914
5.22013   3.71849
5.23136   3.78869
5.23812   3.85946
5.24038   3.93052
5.40011   3.45822
5.3977   3.53433
5.39046   3.61014
5.37843   3.68534
5.36165   3.75962
5.34019   3.83269
5.31415   3.90425
5.28361   3.97402
5.24872   4.04171
5.2096   4.10705
5.16642   4.16977
5.11934   4.22963
5.06856   4.28639
5.01429   4.33981
4.95674   4.38968
4.89613   4.4358
4.83273   4.47798
4.76678   4.51606
4.69855   4.54988
4.6283   4.5793
4.55634   4.60421
4.48294   4.6245
4.4084   4.6401
4.33302   4.65093
4.2571   4.65697
4.18096   4.65818
4.10489   4.65455
4.02921   4.64611
3.95421   4.63289
3.8802   4.61494
3.80748   4.59232
3.73634   4.56515
3.66707   4.53351
3.59994   4.49754
3.53523   4.45739
3.4732   4.41322
3.41409   4.3652
3.35815   4.31353
3.3056   4.25841
3.25665   4.20008
3.21149   4.13875
3.17032   4.07469
3.1333   4.00814
3.10057   3.93938
3.07226   3.86868
3.0485   3.79633
3.02937   3.72261
3.01496   3.64783
3.00532   3.57229
3.00049   3.49629
3.00049   3.42014
3.00532   3.34414
3.01496   3.2686
3.02937   3.19382
3.0485   3.1201
3.07226   3.04775
3.10057   2.97705
3.1333   2.90829
3.17032   2.84174
3.21149   2.77768
3.25665   2.71635
3.3056   2.65802
3.35815   2.6029
3.41409   2.55123
3.4732   2.50321
3.53523   2.45904
3.59994   2.41889
3.66707   2.38292
3.73634   2.35128
3.80748   2.32411
3.8802   2.30149
3.95421   2.28354
4.02921   2.27032
4.10489   2.26188
4.18096   2.25825
4.2571   2.25946
4.33302   2.2655
4.4084   2.27633
4.48294   2.29193
4.55634   2.31222
4.6283   2.33713
4.69855   2.36655
4.76678   2.40037
4.83273   2.43845
4.89613   2.48063
4.95674   2.52675
5.01429   2.57662
5.06856   2.63004
5.11934   2.6868
5.16642   2.74666
5.2096   2.80938
5.24872   2.87472
5.28361   2.94241
5.31415   3.01218
5.34019   3.08374
5.36165   3.15681
5.37843   3.23109
5.39046   3.30629
5.3977   3.3821
5.40011   3.45822
5.60031   2.79982
5.59769   2.88229
5.58985   2.96443
5.57681   3.0459
5.55863   3.12639
5.53539   3.20556
5.50717   3.28309
5.47409   3.35868
5.43628   3.43202
5.39389   3.50282
5.3471   3.57078
5.2961   3.63564
5.24108   3.69713
5.18227   3.75501
5.11991   3.80905
5.05425   3.85902
4.98556   3.90472
4.9141   3.94598
4.84017   3.98262
4.76406   4.0145
4.68609   4.04149
4.60656   4.06347
4.5258   4.08037
4.44412   4.09212
4.36187   4.09866
4.27937   4.09996
4.19695   4.09604
4.11495   4.08689
4.03369   4.07256
3.9535   4.05311
3.87471   4.02861
3.79763   3.99916
3.72258   3.96489
3.64984   3.92592
3.57973   3.88242
3.51252   3.83455
3.44848   3.78253
3.38786   3.72654
3.33092   3.66682
3.27789   3.60362
3.22896   3.53717
3.18435   3.46776
3.14424   3.39565
3.10877   3.32115
3.07811   3.24455
3.05236   3.16616
3.03164   3.08629
3.01602   3.00527
3.00558   2.92342
3.00034   2.84107
3.00034   2.75856
3.00558   2.67621
3.01602   2.59437
3.03164   2.51334
3.05236   2.43348
3.07811   2.35508
3.10877   2.27848
3.14424   2.20398
3.18435   2.13188
3.22896   2.06246
3.27789   1.99602
3.33092   1.93281
3.38786   1.87309
3.44848   1.81711
3.51252   1.76508
3.57973   1.71722
3.64984   1.67371
3.72258   1.63475
3.79763   1.60047
3.87471   1.57102
3.9535   1.54652
4.03369   1.52707
4.11495   1.51274
4.19695   1.50359
4.27937   1.49967
4.36187   1.50098
4.44412   1.50752
4.5258   1.51926
4.60656   1.53616
4.68609   1.55815
4.76406   1.58513
4.84017   1.61701
4.9141   1.65365
4.98556   1.69491
5.05425   1.74061
5.11991   1.79058
5.18227   1.84462
5.24108   1.9025
5.2961   1.96399
5.3471   2.02885
5.39389   2.09681
5.43628   2.16761
5.47409   2.24095
5.50717   2.31654
5.53539   2.39408
5.55863   2.47325
5.57681   2.55373
5.58985   2.63521
5.59769   2.71735
5.60031   2.79982
5.84053   2.14307
5.83767   2.23317
5.8291   2.3229
5.81486   2.41191
5.795   2.49984
5.7696   2.58633
5.73877   2.67103
5.70263   2.75361
5.66133   2.83373
5.61502   2.91107
5.56391   2.98532
5.50819   3.05617
5.44808   3.12335
5.38384   3.18658
5.31572   3.24561
5.24399   3.3002
5.16894   3.35013
5.09087   3.3952
5.01011   3.43523
4.92697   3.47006
4.84178   3.49954
4.7549   3.52356
4.66667   3.54202
4.57745   3.55485
4.48759   3.56199
4.39746   3.56342
4.30742   3.55914
4.21784   3.54914
4.12907   3.53349
4.04147   3.51224
3.95539   3.48548
3.87119   3.4533
3.78919   3.41586
3.70974   3.37329
3.63314   3.32576
3.55971   3.27348
3.48975   3.21664
3.42353   3.15548
3.36133   3.09024
3.30339   3.02119
3.24994   2.9486
3.20121   2.87277
3.15738   2.794
3.11864   2.71261
3.08514   2.62892
3.05701   2.54328
3.03437   2.45603
3.01731   2.36752
3.0059   2.2781
3.00019   2.18814
3.00019   2.098
3.0059   2.00804
3.01731   1.91863
3.03437   1.83012
3.05701   1.74287
3.08514   1.65723
3.11864   1.57354
3.15738   1.49215
3.20121   1.41338
3.24994   1.33755
3.30339   1.26496
3.36133   1.19591
3.42353   1.13067
3.48975   1.06951
3.55971   1.01267
3.63314   0.960385
3.70974   0.912861
3.78919   0.87029
3.87119   0.832844
3.95539   0.800674
4.04147   0.773909
4.12907   0.752658
4.21784   0.737005
4.30742   0.727014
4.39746   0.722725
4.48759   0.724155
4.57745   0.731299
4.66667   0.744127
4.7549   0.762588
4.84178   0.786609
4.92697   0.816091
5.01011   0.850916
5.09087   0.890945
5.16894   0.936015
5.24399   0.985946
5.31572   1.04054
5.38384   1.09957
5.44808   1.1628
5.50819   1.22998
5.56391   1.30083
5.61502   1.37508
5.66133   1.45242
5.70263   1.53254
5.73877   1.61512
5.7696   1.69982
5.795   1.78631
5.81486   1.87424
5.8291   1.96325
5.83767   2.05298
5.84053   2.14307
6.03775   1.45774
6.03481   1.5502
6.02602   1.64228
6.0114   1.73362
5.99102   1.82385
5.96496   1.91261
5.93333   1.99953
5.89624   2.08427
5.85385   2.16649
5.80634   2.24586
5.75388   2.32205
5.6967   2.39476
5.63502   2.4637
5.5691   2.52859
5.49919   2.58917
5.42558   2.64519
5.34856   2.69643
5.26845   2.74268
5.18557   2.78376
5.10025   2.81949
5.01283   2.84975
4.92368   2.8744
4.83314   2.89334
4.74157   2.90651
4.64936   2.91384
4.55687   2.91531
4.46447   2.9109
4.37254   2.90065
4.28144   2.88459
4.19155   2.86278
4.10322   2.83531
4.01681   2.8023
3.93266   2.76387
3.85113   2.72019
3.77252   2.67142
3.69717   2.61776
3.62538   2.55943
3.55743   2.49667
3.49359   2.42972
3.43413   2.35886
3.37929   2.28437
3.32928   2.20655
3.2843   2.12572
3.24455   2.0422
3.21017   1.95632
3.1813   1.86844
3.15807   1.7789
3.14056   1.68807
3.12885   1.59631
3.12299   1.50399
3.12299   1.41149
3.12885   1.31917
3.14056   1.22742
3.15807   1.13658
3.1813   1.04705
3.21017   0.959163
3.24455   0.873287
3.2843   0.789764
3.32928   0.70893
3.37929   0.631112
3.43413   0.556622
3.49359   0.485761
3.55743   0.418814
3.62538   0.35605
3.69717   0.297722
3.77252   0.244065
3.85113   0.195296
3.93266   0.151609
4.01681   0.113182
4.10322   0.0801695
4.19155   0.0527036
4.28144   0.0308953
4.37254   0.0148324
4.46447   0.00457956
4.55687   0.000178112
4.64936   0.00164575
4.74157   0.00897658
4.83314   0.0221411
4.92368   0.0410862
5.01283   0.0657358
5.10025   0.0959904
5.18557   0.131728
5.26845   0.172806
5.34856   0.219057
5.42558   0.270296
5.49919   0.326317
5.5691   0.386893
5.63502   0.451781
5.6967   0.52072
5.75388   0.593432
5.80634   0.669624
5.85385   0.74899
5.89624   0.83121
5.93333   0.915952
5.96496   1.00288
5.99102   1.09163
6.0114   1.18186
6.02602   1.2732
6.03481   1.36529
6.03775   1.45774
5.86901   1.53089
5.86627   1.61708
5.85807   1.70293
5.84445   1.78808
5.82545   1.8722
5.80115   1.95495
5.77166   2.03598
5.73708   2.11498
5.69757   2.19163
5.65327   2.26562
5.60437   2.33666
5.55106   2.40444
5.49356   2.46871
5.4321   2.5292
5.36692   2.58568
5.2983   2.6379
5.2265   2.68567
5.15182   2.72879
5.07455   2.76709
4.99501   2.8004
4.91352   2.82861
4.8304   2.85159
4.74599   2.86925
4.66063   2.88152
4.57466   2.88836
4.48844   2.88973
4.4023   2.88562
4.31659   2.87606
4.23167   2.86109
4.14786   2.84076
4.06551   2.81515
3.98495   2.78438
3.90651   2.74855
3.8305   2.70782
3.75722   2.66236
3.68697   2.61234
3.62004   2.55796
3.55669   2.49945
3.49718   2.43703
3.44175   2.37097
3.39062   2.30153
3.344   2.22898
3.30207   2.15362
3.265   2.07576
3.23295   1.9957
3.20604   1.91377
3.18439   1.83029
3.16806   1.74562
3.15715   1.66007
3.15168   1.57401
3.15168   1.48777
3.15715   1.40171
3.16806   1.31617
3.18439   1.23149
3.20604   1.14801
3.23295   1.06608
3.265   0.986023
3.30207   0.908158
3.344   0.8328
3.39062   0.760253
3.44175   0.690809
3.49718   0.624747
3.55669   0.562335
3.62004   0.503822
3.68697   0.449445
3.75722   0.399423
3.8305   0.353957
3.90651   0.31323
3.98495   0.277405
4.06551   0.246629
4.14786   0.221023
4.23167   0.200692
4.31659   0.185717
4.4023   0.176159
4.48844   0.172056
4.57466   0.173424
4.66063   0.180258
4.74599   0.192531
4.8304   0.210193
4.91352   0.233173
4.99501   0.261378
5.07455   0.294695
5.15182   0.33299
5.2265   0.376109
5.2983   0.423877
5.36692   0.476103
5.4321   0.532576
5.49356   0.593069
5.55106   0.657338
5.60437   0.725125
5.65327   0.796156
5.69757   0.870146
5.73708   0.946797
5.77166   1.0258
5.80115   1.10684
5.82545   1.18958
5.84445   1.2737
5.85807   1.35885
5.86627   1.4447
5.86901   1.53089
7   2.26227
6.99761   2.33756
6.99045   2.41254
6.97855   2.48692
6.96195   2.56039
6.94073   2.63266
6.91497   2.70344
6.88477   2.77245
6.85026   2.8394
6.81157   2.90402
6.76885   2.96606
6.72229   3.02527
6.67207   3.08141
6.61839   3.13424
6.56146   3.18357
6.50152   3.22919
6.43881   3.27091
6.37358   3.30857
6.30609   3.34202
6.23661   3.37112
6.16543   3.39576
6.09283   3.41583
6.01911   3.43126
5.94455   3.44198
5.86946   3.44794
5.79415   3.44914
5.71891   3.44556
5.64405   3.43721
5.56987   3.42413
5.49667   3.40637
5.42475   3.384
5.35438   3.35712
5.28587   3.32583
5.21947   3.29026
5.15547   3.25055
5.09411   3.20685
5.03565   3.15936
4.98032   3.10825
4.92834   3.05374
4.87992   2.99604
4.83526   2.93538
4.79454   2.87202
4.75792   2.80619
4.72555   2.73818
4.69755   2.66826
4.67405   2.59669
4.65513   2.52378
4.64088   2.44982
4.63134   2.3751
4.62656   2.29993
4.62656   2.22461
4.63134   2.14944
4.64088   2.07472
4.65513   2.00076
4.67405   1.92785
4.69755   1.85629
4.72555   1.78636
4.75792   1.71835
4.79454   1.65253
4.83526   1.58916
4.87992   1.52851
4.92834   1.47081
4.98032   1.41629
5.03565   1.36518
5.09411   1.31769
5.15547   1.274
5.21947   1.23428
5.28587   1.19871
5.35438   1.16742
5.42475   1.14054
5.49667   1.11817
5.56987   1.10042
5.64405   1.08734
5.71891   1.07899
5.79415   1.0754
5.86946   1.0766
5.94455   1.08257
6.01911   1.09329
6.09283   1.10871
6.16543   1.12879
6.23661   1.15342
6.30609   1.18252
6.37358   1.21597
6.43881   1.25363
6.50152   1.29536
6.56146   1.34097
6.61839   1.3903
6.67207   1.44314
6.72229   1.49927
6.76885   1.55848
6.81157   1.62052
6.85026   1.68515
6.88477   1.7521
6.91497   1.8211
6.94073   1.89188
6.96195   1.96415
6.97855   2.03763
6.99045   2.112
6.99761   2.18699
7   2.26227
7.00019   2.12509
6.99717   2.22024
6.98812   2.315
6.97308   2.409
6.95211   2.50186
6.92529   2.5932
6.89273   2.68266
6.85456   2.76987
6.81094   2.85448
6.76204   2.93616
6.70806   3.01457
6.64921   3.0894
6.58574   3.16034
6.5179   3.22712
6.44595   3.28946
6.3702   3.34711
6.29094   3.39984
6.2085   3.44744
6.1232   3.48971
6.0354   3.52649
5.94544   3.55763
5.85368   3.583
5.76051   3.60249
5.66628   3.61604
5.57138   3.62358
5.4762   3.6251
5.38111   3.62057
5.2865   3.61001
5.19275   3.59348
5.10024   3.57104
5.00933   3.54277
4.92041   3.5088
4.83381   3.46925
4.7499   3.4243
4.66901   3.37411
4.59147   3.31889
4.51758   3.25886
4.44765   3.19427
4.38196   3.12537
4.32077   3.05245
4.26433   2.97579
4.21286   2.89571
4.16658   2.81252
4.12566   2.72656
4.09028   2.63819
4.06058   2.54774
4.03667   2.4556
4.01865   2.36212
4.0066   2.26769
4.00056   2.17269
4.00056   2.07749
4.0066   1.98249
4.01865   1.88806
4.03667   1.79458
4.06058   1.70244
4.09028   1.61199
4.12566   1.52362
4.16658   1.43766
4.21286   1.35448
4.26433   1.27439
4.32077   1.19773
4.38196   1.12481
4.44765   1.05591
4.51758   0.99132
4.59147   0.931294
4.66901   0.876075
4.7499   0.825885
4.83381   0.780927
4.92041   0.741381
5.00933   0.707407
5.10024   0.679141
5.19275   0.656698
5.2865   0.640167
5.38111   0.629616
5.4762   0.625086
5.57138   0.626597
5.66628   0.634141
5.76051   0.647689
5.85368   0.667186
5.94544   0.692553
6.0354   0.723688
6.1232   0.760467
6.2085   0.80274
6.29094   0.850338
6.3702   0.903069
6.44595   0.960721
6.5179   1.02306
6.58574   1.08984
6.64921   1.16079
6.70806   1.23561
6.76204   1.31403
6.81094   1.3957
6.85456   1.48032
6.89273   1.56753
6.92529   1.65698
6.95211   1.74832
6.97308   1.84118
6.98812   1.93518
6.99717   2.02994
7.00019   2.12509
7.00014   2.80898
6.99744   2.89398
6.98936   2.97863
6.97592   3.06261
6.95719   3.14556
6.93323   3.22715
6.90414   3.30706
6.87005   3.38497
6.83108   3.46055
6.7874   3.53352
6.73917   3.60356
6.68661   3.67041
6.6299   3.73378
6.5693   3.79344
6.50503   3.84913
6.43736   3.90063
6.36656   3.94773
6.29291   3.99025
6.21671   4.02802
6.13828   4.06087
6.05791   4.08868
5.97595   4.11135
5.89271   4.12876
5.80854   4.14086
5.72377   4.1476
5.63874   4.14895
5.55379   4.14491
5.46928   4.13548
5.38553   4.12071
5.30289   4.10066
5.22168   4.07541
5.14224   4.04507
5.06489   4.00974
4.98993   3.96958
4.91767   3.92474
4.8484   3.87541
4.7824   3.82179
4.71993   3.76409
4.66124   3.70255
4.60658   3.6374
4.55616   3.56892
4.51018   3.49738
4.46884   3.42307
4.43229   3.34629
4.40068   3.26734
4.37415   3.18654
4.35279   3.10423
4.33669   3.02073
4.32593   2.93637
4.32054   2.8515
4.32054   2.76646
4.32593   2.68159
4.33669   2.59724
4.35279   2.51374
4.37415   2.43142
4.40068   2.35063
4.43229   2.27168
4.46884   2.1949
4.51018   2.12058
4.55616   2.04904
4.60658   1.98056
4.66124   1.91542
4.71993   1.85387
4.7824   1.79617
4.8484   1.74255
4.91767   1.69322
4.98993   1.64839
5.06489   1.60823
5.14224   1.5729
5.22168   1.54255
5.30289   1.5173
5.38553   1.49725
5.46928   1.48248
5.55379   1.47306
5.63874   1.46901
5.72377   1.47036
5.80854   1.4771
5.89271   1.4892
5.97595   1.50662
6.05791   1.52928
6.13828   1.55709
6.21671   1.58995
6.29291   1.62771
6.36656   1.67023
6.43736   1.71734
6.50503   1.76884
6.5693   1.82453
6.6299   1.88418
6.68661   1.94756
6.73917   2.0144
6.7874   2.08445
6.83108   2.15741
6.87005   2.233
6.90414   2.3109
6.93323   2.39081
6.95719   2.47241
6.97592   2.55536
6.98936   2.63933
6.99744   2.72399
7.00014   2.80898
7.00032   3.44673
6.99786   3.52412
6.9905   3.60121
6.97827   3.67767
6.96121   3.75321
6.93939   3.82751
6.91291   3.90027
6.88186   3.97122
6.84638   4.04004
6.8066   4.10648
6.76269   4.17027
6.71482   4.23113
6.66319   4.28885
6.608   4.34317
6.54948   4.39388
6.48786   4.44077
6.42338   4.48367
6.35632   4.52238
6.28694   4.55677
6.21552   4.58669
6.14234   4.61201
6.0677   4.63265
5.99191   4.64851
5.91526   4.65953
5.83807   4.66567
5.76064   4.6669
5.68329   4.66321
5.60633   4.65463
5.53007   4.64118
5.45482   4.62292
5.38087   4.59993
5.30853   4.5723
5.2381   4.54013
5.16984   4.50356
5.10404   4.46273
5.04096   4.41781
4.98086   4.36898
4.92397   4.31644
4.87054   4.2604
4.82076   4.20108
4.77485   4.13872
4.73298   4.07358
4.69533   4.00591
4.66205   3.93599
4.63327   3.8641
4.60911   3.79053
4.58966   3.71558
4.57501   3.63954
4.5652   3.56273
4.56029   3.48545
4.56029   3.40801
4.5652   3.33073
4.57501   3.25391
4.58966   3.17788
4.60911   3.10292
4.63327   3.02935
4.66205   2.95746
4.69533   2.88754
4.73298   2.81988
4.77485   2.75473
4.82076   2.69237
4.87054   2.63305
4.92397   2.57701
4.98086   2.52447
5.04096   2.47564
5.10404   2.43072
5.16984   2.3899
5.2381   2.35333
5.30853   2.32116
5.38087   2.29352
5.45482   2.27053
5.53007   2.25227
5.60633   2.23883
5.68329   2.23024
5.76064   2.22656
5.83807   2.22779
5.91526   2.23392
5.99191   2.24494
6.0677   2.2608
6.14234   2.28144
6.21552   2.30677
6.28694   2.33668
6.35632   2.37107
6.42338   2.40979
6.48786   2.45268
6.54948   2.49958
6.608   2.55029
6.66319   2.60461
6.71482   2.66232
6.76269   2.72319
6.8066   2.78697
6.84638   2.85341
6.88186   2.92224
6.91291   2.99318
6.93939   3.06595
6.96121   3.14025
6.97827   3.21578
6.9905   3.29224
6.99786   3.36933
7.00032   3.44673
7.00068   4.07909
6.99846   4.14889
6.99182   4.21842
6.98079   4.28739
6.9654   4.35552
6.94572   4.42253
6.92184   4.48817
6.89383   4.55215
6.86183   4.61423
6.82595   4.67416
6.78634   4.73169
6.74317   4.78659
6.6966   4.83864
6.64682   4.88764
6.59404   4.93337
6.53846   4.97567
6.48031   5.01436
6.41982   5.04928
6.35724   5.0803
6.29282   5.10728
6.22681   5.13013
6.1595   5.14874
6.09113   5.16304
6.022   5.17298
5.95237   5.17852
5.88254   5.17963
5.81277   5.1763
5.74336   5.16856
5.67457   5.15643
5.6067   5.13997
5.54   5.11923
5.47476   5.0943
5.41122   5.06529
5.34966   5.0323
5.29031   4.99548
5.23342   4.95496
5.17921   4.91092
5.1279   4.86353
5.0797   4.81298
5.03481   4.75948
4.9934   4.70324
4.95563   4.64448
4.92168   4.58345
4.89166   4.52038
4.8657   4.45554
4.84391   4.38918
4.82636   4.32158
4.81315   4.25299
4.8043   4.18371
4.79987   4.11401
4.79987   4.04416
4.8043   3.97446
4.81315   3.90518
4.82636   3.83659
4.84391   3.76899
4.8657   3.70263
4.89166   3.63779
4.92168   3.57472
4.95563   3.51369
4.9934   3.45493
5.03481   3.39869
5.0797   3.34519
5.1279   3.29464
5.17921   3.24725
5.23342   3.20321
5.29031   3.16269
5.34966   3.12587
5.41122   3.09288
5.47476   3.06387
5.54   3.03894
5.6067   3.0182
5.67457   3.00174
5.74336   2.98961
5.81277   2.98187
5.88254   2.97854
5.95237   2.97965
6.022   2.98519
6.09113   2.99513
6.1595   3.00943
6.22681   3.02804
6.29282   3.05089
6.35724   3.07787
6.41982   3.10889
6.48031   3.14381
6.53846   3.1825
6.59404   3.2248
6.64682   3.27054
6.6966   3.31953
6.74317   3.37158
6.78634   3.42648
6.82595   3.48401
6.86183   3.54394
6.89383   3.60602
6.92184   3.67
6.94572   3.73564
6.9654   3.80265
6.98079   3.87078
6.99182   3.93975
6.99846   4.00928
7.00068   4.07909
7   4.60499
6.99799   4.66841
6.99196   4.73158
6.98193   4.79424
6.96795   4.85613
6.95007   4.91702
6.92837   4.97665
6.90293   5.03478
6.87385   5.09118
6.84125   5.14563
6.80527   5.19789
6.76604   5.24777
6.72373   5.29507
6.67851   5.33958
6.63055   5.38113
6.58006   5.41956
6.52723   5.45471
6.47227   5.48644
6.41542   5.51462
6.35689   5.53913
6.29692   5.55989
6.23576   5.5768
6.17365   5.58979
6.11084   5.59883
6.04758   5.60385
5.98413   5.60486
5.92075   5.60184
5.85769   5.59481
5.79519   5.58379
5.73353   5.56883
5.67293   5.54999
5.61365   5.52734
5.55593   5.50098
5.5   5.47101
5.44608   5.43756
5.39439   5.40075
5.34514   5.36074
5.29852   5.31768
5.25474   5.27176
5.21395   5.22315
5.17632   5.17205
5.14202   5.11866
5.11116   5.06321
5.08389   5.00592
5.06031   4.94701
5.04051   4.88672
5.02457   4.8253
5.01256   4.76299
5.00453   4.70004
5.0005   4.63671
5.0005   4.57326
5.00453   4.50993
5.01256   4.44698
5.02457   4.38468
5.04051   4.32325
5.06031   4.26297
5.08389   4.20406
5.11116   4.14676
5.14202   4.09131
5.17632   4.03793
5.21395   3.98683
5.25474   3.93822
5.29852   3.89229
5.34514   3.84924
5.39439   3.80922
5.44608   3.77242
5.5   3.73896
5.55593   3.70899
5.61365   3.68263
5.67293   3.65998
5.73353   3.64114
5.79519   3.62618
5.85769   3.61516
5.92075   3.60813
5.98413   3.60511
6.04758   3.60612
6.11084   3.61115
6.17365   3.62018
6.23576   3.63317
6.29692   3.65008
6.35689   3.67084
6.41542   3.69535
6.47227   3.72353
6.52723   3.75526
6.58006   3.79041
6.63055   3.82884
6.67851   3.87039
6.72373   3.91491
6.76604   3.9622
6.80527   4.01208
6.84125   4.06434
6.87385   4.11879
6.90293   4.17519
6.92837   4.23332
6.95007   4.29295
6.96795   4.35384
6.98193   4.41573
6.99196   4.47839
6.99799   4.54156
7   4.60499
7.00073   5.12725
6.99892   5.18437
6.99349   5.24127
6.98446   5.29771
6.97186   5.35346
6.95576   5.40831
6.93621   5.46202
6.9133   5.51438
6.88711   5.56518
6.85775   5.61422
6.82533   5.6613
6.79   5.70623
6.75189   5.74882
6.71116   5.78892
6.66796   5.82635
6.62248   5.86096
6.57489   5.89262
6.52539   5.9212
6.47418   5.94658
6.42146   5.96866
6.36745   5.98736
6.31236   6.00259
6.25641   6.0143
6.19984   6.02243
6.14286   6.02696
6.08571   6.02787
6.02862   6.02515
5.97181   6.01881
5.91552   6.00889
5.85998   5.99541
5.8054   5.97844
5.75201   5.95804
5.70001   5.9343
5.64963   5.9073
5.60107   5.87717
5.55451   5.84402
5.51015   5.80798
5.46816   5.76919
5.42872   5.72783
5.39198   5.68404
5.35809   5.63802
5.32719   5.58993
5.2994   5.53999
5.27483   5.48838
5.25359   5.43532
5.23575   5.38101
5.2214   5.32569
5.21058   5.26956
5.20335   5.21287
5.19972   5.15582
5.19972   5.09867
5.20335   5.04163
5.21058   4.98493
5.2214   4.92881
5.23575   4.87348
5.25359   4.81918
5.27483   4.76611
5.2994   4.71451
5.32719   4.66456
5.35809   4.61648
5.39198   4.57045
5.42872   4.52667
5.46816   4.4853
5.51015   4.44652
5.55451   4.41048
5.60107   4.37732
5.64963   4.34719
5.70001   4.32019
5.75201   4.29645
5.8054   4.27605
5.85998   4.25908
5.91552   4.24561
5.97181   4.23568
6.02862   4.22935
6.08571   4.22663
6.14286   4.22753
6.19984   4.23206
6.25641   4.2402
6.31236   4.2519
6.36745   4.26713
6.42146   4.28583
6.47418   4.30791
6.52539   4.33329
6.57489   4.36187
6.62248   4.39353
6.66796   4.42815
6.71116   4.46558
6.75189   4.50567
6.79   4.54827
6.82533   4.59319
6.85775   4.64027
6.88711   4.68931
6.9133   4.74012
6.93621   4.79248
6.95576   4.84619
6.97186   4.90103
6.98446   4.95678
6.99349   5.01322
6.99892   5.07012
7.00073   5.12725
7   5.57381
6.99835   5.62582
6.99341   5.67761
6.98518   5.72899
6.97372   5.77975
6.95906   5.82968
6.94126   5.87857
6.9204   5.92624
6.89656   5.97249
6.86983   6.01713
6.84032   6.05999
6.80816   6.1009
6.77346   6.13967
6.73638   6.17617
6.69705   6.21025
6.65565   6.24176
6.61233   6.27058
6.56726   6.2966
6.52064   6.31971
6.47265   6.33981
6.42348   6.35683
6.37332   6.3707
6.32239   6.38135
6.27089   6.38876
6.21902   6.39288
6.16699   6.39371
6.11501   6.39123
6.0633   6.38546
6.01206   6.37643
5.96149   6.36416
5.9118   6.34871
5.8632   6.33014
5.81586   6.30852
5.77   6.28395
5.72578   6.25652
5.6834   6.22633
5.64301   6.19352
5.60479   6.15822
5.56888   6.12056
5.53543   6.0807
5.50458   6.0388
5.47645   5.99502
5.45115   5.94955
5.42879   5.90257
5.40945   5.85427
5.39321   5.80483
5.38015   5.75446
5.3703   5.70337
5.36371   5.65175
5.36041   5.59982
5.36041   5.54779
5.36371   5.49586
5.3703   5.44425
5.38015   5.39315
5.39321   5.34279
5.40945   5.29335
5.42879   5.24504
5.45115   5.19806
5.47645   5.15259
5.50458   5.10882
5.53543   5.06692
5.56888   5.02706
5.60479   4.9894
5.64301   4.95409
5.6834   4.92128
5.72578   4.8911
5.77   4.86366
5.81586   4.83909
5.8632   4.81748
5.9118   4.7989
5.96149   4.78345
6.01206   4.77119
6.0633   4.76215
6.11501   4.75638
6.16699   4.75391
6.21902   4.75473
6.27089   4.75886
6.32239   4.76626
6.37332   4.77692
6.42348   4.79079
6.47265   4.8078
6.52064   4.82791
6.56726   4.85101
6.61233   4.87703
6.65565   4.90585
6.69705   4.93737
6.73638   4.97144
6.77346   5.00794
6.80816   5.04672
6.84032   5.08762
6.86983   5.13048
6.89656   5.17513
6.9204   5.22137
6.94126   5.26904
6.95906   5.31794
6.97372   5.36787
6.98518   5.41862
6.99341   5.47
6.99835   5.5218
7   5.57381
7.00005   5.98871
6.99856   6.03564
6.9941   6.08239
6.98668   6.12876
6.97633   6.17457
6.9631   6.21963
6.94704   6.26376
6.92821   6.30678
6.9067   6.34852
6.88257   6.38881
6.85594   6.42749
6.82691   6.4644
6.7956   6.4994
6.76213   6.53234
6.72664   6.5631
6.68927   6.59154
6.65018   6.61755
6.60951   6.64103
6.56743   6.66188
6.52411   6.68003
6.47974   6.69539
6.43447   6.7079
6.38851   6.71752
6.34203   6.7242
6.29521   6.72792
6.24826   6.72867
6.20135   6.72643
6.15468   6.72123
6.10843   6.71307
6.0628   6.702
6.01795   6.68806
5.97408   6.6713
5.93137   6.65179
5.88997   6.62961
5.85007   6.60485
5.81182   6.57761
5.77537   6.548
5.74087   6.51614
5.70846   6.48215
5.67828   6.44618
5.65044   6.40836
5.62505   6.36886
5.60221   6.32782
5.58203   6.28542
5.56458   6.24182
5.54992   6.1972
5.53813   6.15175
5.52924   6.10564
5.5233   6.05905
5.52032   6.01219
5.52032   5.96523
5.5233   5.91836
5.52924   5.87178
5.53813   5.82567
5.54992   5.78021
5.56458   5.73559
5.58203   5.692
5.60221   5.64959
5.62505   5.60856
5.65044   5.56905
5.67828   5.53124
5.70846   5.49526
5.74087   5.46127
5.77537   5.42941
5.81182   5.3998
5.85007   5.37256
5.88997   5.3478
5.93137   5.32562
5.97408   5.30612
6.01795   5.28936
6.0628   5.27541
6.10843   5.26434
6.15468   5.25619
6.20135   5.25098
6.24826   5.24875
6.29521   5.24949
6.34203   5.25321
6.38851   5.2599
6.43447   5.26951
6.47974   5.28203
6.52411   5.29739
6.56743   5.31553
6.60951   5.33638
6.65018   5.35986
6.68927   5.38588
6.72664   5.41432
6.76213   5.44507
6.7956   5.47801
6.82691   5.51301
6.85594   5.54992
6.88257   5.5886
6.9067   5.6289
6.92821   5.67064
6.94704   5.71366
6.9631   5.75779
6.97633   5.80284
6.98668   5.84865
6.9941   5.89502
6.99856   5.94177
7.00005   5.98871
7.00041   6.36069
6.99908   6.40258
6.99509   6.44429
6.98847   6.48567
6.97924   6.52655
6.96743   6.56676
6.9531   6.60614
6.9363   6.64453
6.9171   6.68178
6.89557   6.71773
6.87181   6.75225
6.8459   6.78519
6.81796   6.81642
6.78809   6.84582
6.75642   6.87326
6.72307   6.89864
6.68818   6.92185
6.65189   6.94281
6.61434   6.96142
6.57569   6.97761
6.53609   6.99131
6.4957   7.00248
6.45468   7.01106
6.4132   7.01703
6.37142   7.02035
6.32952   7.02101
6.28766   7.01902
6.24601   7.01437
6.20474   7.0071
6.16402   6.99722
6.124   6.98477
6.08486   6.96982
6.04674   6.95241
6.0098   6.93262
5.97419   6.91052
5.94005   6.88622
5.90753   6.85979
5.87674   6.83136
5.84782   6.80103
5.82089   6.76893
5.79604   6.73518
5.77338   6.69993
5.75301   6.66331
5.735   6.62547
5.71942   6.58656
5.70635   6.54675
5.69582   6.50618
5.68789   6.46503
5.68258   6.42347
5.67993   6.38164
5.67993   6.33974
5.68258   6.29791
5.68789   6.25634
5.69582   6.2152
5.70635   6.17463
5.71942   6.13482
5.735   6.09591
5.75301   6.05807
5.77338   6.02145
5.79604   5.9862
5.82089   5.95245
5.84782   5.92035
5.87674   5.89002
5.90753   5.86159
5.94005   5.83516
5.97419   5.81086
6.0098   5.78876
6.04674   5.76897
6.08486   5.75156
6.124   5.73661
6.16402   5.72416
6.20474   5.71428
6.24601   5.70701
6.28766   5.70236
6.32952   5.70037
6.37142   5.70103
6.4132   5.70435
6.45468   5.71032
6.4957   5.7189
6.53609   5.73007
6.57569   5.74377
6.61434   5.75996
6.65189   5.77857
6.68818   5.79953
6.72307   5.82274
6.75642   5.84812
6.78809   5.87556
6.81796   5.90496
6.8459   5.93619
6.87181   5.96913
6.89557   6.00365
6.9171   6.0396
6.9363   6.07685
6.9531   6.11524
6.96743   6.15462
6.97924   6.19483
6.98847   6.23571
6.99509   6.27709
6.99908   6.3188
7.00041   6.36069
7.00036   6.76734
6.9992   6.80415
6.99569   6.84081
6.98988   6.87717
6.98176   6.9131
6.97139   6.94843
6.95879   6.98304
6.94403   7.01678
6.92715   7.04951
6.90823   7.08111
6.88735   7.11144
6.86458   7.14039
6.84003   7.16783
6.81378   7.19367
6.78595   7.21779
6.75664   7.24009
6.72598   7.26049
6.69409   7.2789
6.66109   7.29526
6.62712   7.30948
6.59232   7.32153
6.55683   7.33134
6.52078   7.33888
6.48433   7.34413
6.44761   7.34704
6.41079   7.34763
6.37401   7.34588
6.33741   7.34179
6.30114   7.3354
6.26535   7.32672
6.23018   7.31578
6.19578   7.30264
6.16228   7.28734
6.12982   7.26995
6.09852   7.25053
6.06853   7.22917
6.03994   7.20595
6.01289   7.18096
5.98748   7.15431
5.9638   7.12609
5.94197   7.09644
5.92206   7.06546
5.90415   7.03328
5.88832   7.00002
5.87464   6.96583
5.86315   6.93085
5.8539   6.8952
5.84693   6.85904
5.84226   6.82251
5.83993   6.78575
5.83993   6.74892
5.84226   6.71217
5.84693   6.67564
5.8539   6.63948
5.86315   6.60383
5.87464   6.56884
5.88832   6.53465
5.90415   6.5014
5.92206   6.46922
5.94197   6.43824
5.9638   6.40858
5.98748   6.38037
6.01289   6.35372
6.03994   6.32873
6.06853   6.30551
6.09852   6.28414
6.12982   6.26473
6.16228   6.24734
6.19578   6.23204
6.23018   6.21889
6.26535   6.20796
6.30114   6.19928
6.33741   6.19288
6.37401   6.1888
6.41079   6.18705
6.44761   6.18763
6.48433   6.19055
6.52078   6.19579
6.55683   6.20333
6.59232   6.21315
6.62712   6.22519
6.66109   6.23942
6.69409   6.25577
6.72598   6.27419
6.75664   6.29459
6.78595   6.31689
6.81378   6.34101
6.84003   6.36684
6.86458   6.39429
6.88735   6.42324
6.90823   6.45357
6.92715   6.48517
6.94403   6.5179
6.95879   6.55164
6.97139   6.58625
6.98176   6.62158
6.98988   6.6575
6.99569   6.69387
6.9992   6.73053
7.00036   6.76734
7.00025   7.04607
6.99924   7.0778
6.99622   7.1094
6.99121   7.14074
6.98421   7.1717
6.97527   7.20216
6.96441   7.23199
6.95169   7.26107
6.93714   7.28929
6.92084   7.31652
6.90284   7.34267
6.88321   7.36762
6.86205   7.39128
6.83942   7.41355
6.81543   7.43433
6.79017   7.45356
6.76374   7.47114
6.73625   7.48701
6.70781   7.50111
6.67853   7.51337
6.64853   7.52376
6.61794   7.53222
6.58687   7.53872
6.55545   7.54323
6.5238   7.54575
6.49206   7.54625
6.46036   7.54474
6.42881   7.54122
6.39755   7.53571
6.3667   7.52823
6.33638   7.5188
6.30673   7.50747
6.27786   7.49429
6.24988   7.4793
6.2229   7.46256
6.19704   7.44415
6.17241   7.42413
6.14909   7.40259
6.12718   7.37962
6.10678   7.3553
6.08796   7.32974
6.0708   7.30303
6.05536   7.2753
6.04172   7.24663
6.02992   7.21716
6.02002   7.187
6.01204   7.15628
6.00604   7.12511
6.00202   7.09362
6   7.06194
6   7.0302
6.00202   6.99852
6.00604   6.96703
6.01204   6.93586
6.02002   6.90513
6.02992   6.87497
6.04172   6.8455
6.05536   6.81684
6.0708   6.7891
6.08796   6.7624
6.10678   6.73684
6.12718   6.71252
6.14909   6.68954
6.17241   6.66801
6.19704   6.64799
6.2229   6.62958
6.24988   6.61284
6.27786   6.59785
6.30673   6.58466
6.33638   6.57333
6.3667   6.56391
6.39755   6.55642
6.42881   6.55091
6.46036   6.54739
6.49206   6.54588
6.5238   6.54639
6.55545   6.5489
6.58687   6.55342
6.61794   6.55992
6.64853   6.56838
6.67853   6.57876
6.70781   6.59103
6.73625   6.60512
6.76374   6.62099
6.79017   6.63858
6.81543   6.6578
6.83942   6.67859
6.86205   6.70086
6.88321   6.72451
6.90284   6.74947
6.92084   6.77561
6.93714   6.80285
6.95169   6.83106
6.96441   6.86014
6.97527   6.88997
6.98421   6.92043
6.99121   6.9514
6.99622   6.98274
6.99924   7.01434
7.00025   7.04607
7.00015   7.28422
6.99926   7.31214
6.99661   7.33994
6.9922   7.36752
6.98604   7.39477
6.97817   7.42157
6.96862   7.44781
6.95742   7.4734
6.94462   7.49822
6.93028   7.52219
6.91444   7.54519
6.89717   7.56715
6.87855   7.58796
6.85865   7.60755
6.83754   7.62584
6.81531   7.64276
6.79206   7.65823
6.76787   7.6722
6.74284   7.6846
6.71708   7.69539
6.69069   7.70452
6.66377   7.71197
6.63643   7.71769
6.60879   7.72166
6.58094   7.72388
6.55302   7.72432
6.52512   7.72299
6.49736   7.71989
6.46985   7.71504
6.44271   7.70846
6.41604   7.70017
6.38995   7.6902
6.36454   7.6786
6.33992   7.66541
6.31619   7.65068
6.29344   7.63448
6.27176   7.61687
6.25125   7.59792
6.23197   7.5777
6.21402   7.55631
6.19746   7.53382
6.18236   7.51032
6.16878   7.48591
6.15677   7.46069
6.14639   7.43476
6.13768   7.40823
6.13066   7.38119
6.12538   7.35377
6.12184   7.32606
6.12007   7.29819
6.12007   7.27026
6.12184   7.24238
6.12538   7.21468
6.13066   7.18725
6.13768   7.16022
6.14639   7.13368
6.15677   7.10775
6.16878   7.08254
6.18236   7.05813
6.19746   7.03463
6.21402   7.01214
6.23197   6.99075
6.25125   6.97053
6.27176   6.95158
6.29344   6.93397
6.31619   6.91777
6.33992   6.90304
6.36454   6.88985
6.38995   6.87825
6.41604   6.86828
6.44271   6.85999
6.46985   6.8534
6.49736   6.84855
6.52512   6.84546
6.55302   6.84413
6.58094   6.84457
6.60879   6.84679
6.63643   6.85076
6.66377   6.85648
6.69069   6.86392
6.71708   6.87306
6.74284   6.88385
6.76787   6.89625
6.79206   6.91022
6.81531   6.92569
6.83754   6.9426
6.85865   6.96089
6.87855   6.98049
6.89717   7.0013
6.91444   7.02326
6.93028   7.04626
6.94462   7.07022
6.95742   7.09505
6.96862   7.12064
6.97817   7.14688
6.98604   7.17368
6.9922   7.20092
6.99661   7.2285
6.99926   7.25631
7.00015   7.28422
7.00054   7.57574
6.99977   7.59987
6.99748   7.62391
6.99366   7.64775
6.98834   7.67131
6.98154   7.69448
6.97328   7.71717
6.9636   7.73929
6.95253   7.76075
6.94013   7.78147
6.92644   7.80136
6.91151   7.82034
6.89541   7.83834
6.8782   7.85528
6.85995   7.87109
6.84073   7.88571
6.82063   7.89909
6.79972   7.91116
6.77808   7.92189
6.75581   7.93121
6.73299   7.93911
6.70972   7.94555
6.68608   7.95049
6.66218   7.95393
6.63811   7.95584
6.61396   7.95623
6.58984   7.95508
6.56584   7.9524
6.54206   7.94821
6.5186   7.94251
6.49554   7.93534
6.47298   7.92673
6.45102   7.9167
6.42973   7.90529
6.40921   7.89256
6.38954   7.87855
6.3708   7.86333
6.35306   7.84694
6.3364   7.82947
6.32088   7.81097
6.30656   7.79152
6.2935   7.77121
6.28176   7.75011
6.27139   7.72831
6.26241   7.70589
6.25488   7.68295
6.24881   7.65957
6.24424   7.63586
6.24119   7.61191
6.23965   7.58781
6.23965   7.56366
6.24119   7.53956
6.24424   7.51561
6.24881   7.4919
6.25488   7.46853
6.26241   7.44558
6.27139   7.42317
6.28176   7.40136
6.2935   7.38026
6.30656   7.35995
6.32088   7.3405
6.3364   7.32201
6.35306   7.30453
6.3708   7.28814
6.38954   7.27292
6.40921   7.25891
6.42973   7.24618
6.45102   7.23478
6.47298   7.22475
6.49554   7.21613
6.5186   7.20896
6.54206   7.20326
6.56584   7.19907
6.58984   7.1964
6.61396   7.19525
6.63811   7.19563
6.66218   7.19754
6.68608   7.20098
6.70972   7.20593
6.73299   7.21236
6.75581   7.22026
6.77808   7.22959
6.79972   7.24031
6.82063   7.25238
6.84073   7.26576
6.85995   7.28038
6.8782   7.2962
6.89541   7.31313
6.91151   7.33113
6.92644   7.35011
6.94013   7.37
6.95253   7.39072
6.9636   7.41218
6.97328   7.4343
6.98154   7.457
6.98834   7.48016
6.99366   7.50372
6.99748   7.52756
6.99977   7.5516
7.00054   7.57574
7   7.75858
6.99936   7.77888
6.99743   7.79909
6.99422   7.81914
6.98975   7.83895
6.98402   7.85843
6.97708   7.87751
6.96894   7.89612
6.95963   7.91416
6.9492   7.93159
6.93769   7.94831
6.92514   7.96427
6.9116   7.97941
6.89712   7.99365
6.88178   8.00695
6.86562   8.01925
6.84871   8.03049
6.83113   8.04065
6.81293   8.04966
6.7942   8.05751
6.77501   8.06415
6.75544   8.06956
6.73557   8.07372
6.71547   8.07661
6.69523   8.07822
6.67492   8.07854
6.65464   8.07758
6.63446   8.07532
6.61446   8.0718
6.59473   8.06701
6.57534   8.06098
6.55637   8.05374
6.5379   8.0453
6.52   8.03571
6.50274   8.025
6.4862   8.01323
6.47044   8.00042
6.45553   7.98664
6.44151   7.97195
6.42846   7.95639
6.41642   7.94004
6.40544   7.92296
6.39557   7.90521
6.38684   7.88688
6.3793   7.86803
6.37296   7.84874
6.36786   7.82908
6.36402   7.80914
6.36145   7.789
6.36016   7.76873
6.36016   7.74843
6.36145   7.72816
6.36402   7.70802
6.36786   7.68808
6.37296   7.66843
6.3793   7.64913
6.38684   7.63028
6.39557   7.61195
6.40544   7.5942
6.41642   7.57712
6.42846   7.56077
6.44151   7.54521
6.45553   7.53052
6.47044   7.51674
6.4862   7.50394
6.50274   7.49216
6.52   7.48145
6.5379   7.47186
6.55637   7.46343
6.57534   7.45618
6.59473   7.45015
6.61446   7.44536
6.63446   7.44184
6.65464   7.43959
6.67492   7.43862
6.69523   7.43894
6.71547   7.44055
6.73557   7.44344
6.75544   7.4476
6.77501   7.45301
6.7942   7.45965
6.81293   7.4675
6.83113   7.47651
6.84871   7.48667
6.86562   7.49791
6.88178   7.51021
6.89712   7.52351
6.9116   7.53775
6.92514   7.55289
6.93769   7.56885
6.9492   7.58557
6.95963   7.603
6.96894   7.62105
6.97708   7.63965
6.98402   7.65873
6.98975   7.67821
6.99422   7.69802
6.99743   7.71807
6.99936   7.73828
7   7.75858
7.00007   7.99396
6.99955   8.01046
6.99798   8.02689
6.99537   8.04318
6.99173   8.05928
6.98709   8.07512
6.98144   8.09062
6.97482   8.10574
6.96726   8.12041
6.95878   8.13457
6.94943   8.14816
6.93923   8.16113
6.92822   8.17343
6.91646   8.18501
6.90399   8.19582
6.89086   8.20581
6.87712   8.21495
6.86282   8.2232
6.84804   8.23053
6.83282   8.23691
6.81722   8.24231
6.80131   8.2467
6.78516   8.25008
6.76883   8.25243
6.75237   8.25374
6.73587   8.254
6.71939   8.25322
6.70299   8.25139
6.68674   8.24852
6.6707   8.24463
6.65494   8.23973
6.63952   8.23384
6.62451   8.22699
6.60996   8.21919
6.59594   8.21049
6.5825   8.20092
6.56969   8.19051
6.55757   8.17932
6.54618   8.16737
6.53557   8.15473
6.52579   8.14144
6.51686   8.12756
6.50884   8.11314
6.50175   8.09823
6.49561   8.08291
6.49046   8.06723
6.48632   8.05126
6.4832   8.03506
6.48111   8.01869
6.48006   8.00222
6.48006   7.98571
6.48111   7.96924
6.4832   7.95287
6.48632   7.93667
6.49046   7.92069
6.49561   7.90502
6.50175   7.88969
6.50884   7.87479
6.51686   7.86037
6.52579   7.84649
6.53557   7.8332
6.54618   7.82056
6.55757   7.80861
6.56969   7.79742
6.5825   7.78701
6.59594   7.77744
6.60996   7.76874
6.62451   7.76094
6.63952   7.75409
6.65494   7.7482
6.6707   7.7433
6.68674   7.73941
6.70299   7.73654
6.71939   7.73471
6.73587   7.73393
6.75237   7.73419
6.76883   7.7355
6.78516   7.73785
6.80131   7.74123
6.81722   7.74562
6.83282   7.75102
6.84804   7.7574
6.86282   7.76473
6.87712   7.77298
6.89086   7.78212
6.90399   7.79211
6.91646   7.80292
6.92822   7.8145
6.93923   7.82679
6.94943   7.83977
6.95878   7.85336
6.96726   7.86752
6.97482   7.88219
6.98144   7.89731
6.98709   7.91281
6.99173   7.92865
6.99537   7.94475
6.99798   7.96104
6.99955   7.97747
7.00007   7.99396
7.05316   8.16192
7.05261   8.17924
7.05096   8.1965
7.04823   8.21361
7.04441   8.23052
7.03952   8.24715
7.03359   8.26344
7.02665   8.27932
7.0187   8.29473
7.0098   8.3096
6.99997   8.32388
6.98925   8.3375
6.9777   8.35042
6.96534   8.36258
6.95224   8.37393
6.93845   8.38443
6.92402   8.39403
6.90901   8.4027
6.89348   8.41039
6.87749   8.41709
6.86111   8.42276
6.8444   8.42738
6.82743   8.43093
6.81028   8.4334
6.793   8.43477
6.77567   8.43505
6.75835   8.43422
6.74113   8.4323
6.72405   8.42929
6.70721   8.4252
6.69066   8.42006
6.67447   8.41387
6.6587   8.40667
6.64342   8.39848
6.62869   8.38934
6.61457   8.37929
6.60112   8.36836
6.58838   8.3566
6.57642   8.34405
6.56528   8.33078
6.555   8.31682
6.54563   8.30223
6.5372   8.28709
6.52975   8.27144
6.52331   8.25534
6.5179   8.23888
6.51355   8.2221
6.51027   8.20508
6.50808   8.18788
6.50698   8.17058
6.50698   8.15325
6.50808   8.13595
6.51027   8.11876
6.51355   8.10174
6.5179   8.08496
6.52331   8.06849
6.52975   8.0524
6.5372   8.03675
6.54563   8.0216
6.555   8.00702
6.56528   7.99306
6.57642   7.97978
6.58838   7.96724
6.60112   7.95548
6.61457   7.94455
6.62869   7.93449
6.64342   7.92535
6.6587   7.91717
6.67447   7.90997
6.69066   7.90378
6.70721   7.89863
6.72405   7.89455
6.74113   7.89154
6.75835   7.88962
6.77567   7.88879
6.793   7.88907
6.81028   7.89044
6.82743   7.89291
6.8444   7.89646
6.86111   7.90108
6.87749   7.90674
6.89348   7.91344
6.90901   7.92114
6.92402   7.92981
6.93845   7.93941
6.95224   7.9499
6.96534   7.96126
6.9777   7.97341
6.98925   7.98633
6.99997   7.99996
7.0098   8.01424
7.0187   8.02911
7.02665   8.04451
7.03359   8.06039
7.03952   8.07668
7.04441   8.09331
7.04823   8.11022
7.05096   8.12734
7.05261   8.14459
7.05316   8.16192
7.37537   8.5109
7.37429   8.54485
7.37106   8.57867
7.36569   8.61222
7.35821   8.64535
7.34864   8.67795
7.33702   8.70987
7.3234   8.741
7.30783   8.77119
7.29038   8.80034
7.27111   8.82832
7.25011   8.85503
7.22746   8.88034
7.20325   8.90417
7.17758   8.92642
7.15054   8.947
7.12226   8.96581
7.09284   8.9828
7.0624   8.99788
7.03106   9.01101
6.99896   9.02212
6.96622   9.03117
6.93297   9.03813
6.89934   9.04297
6.86547   9.04566
6.83151   9.0462
6.79757   9.04458
6.76381   9.04082
6.73035   9.03492
6.69734   9.02691
6.6649   9.01682
6.63316   9.0047
6.60226   8.99058
6.57232   8.97454
6.54345   8.95663
6.51578   8.93692
6.48941   8.9155
6.46445   8.89245
6.44101   8.86786
6.41917   8.84184
6.39903   8.81448
6.38066   8.7859
6.36415   8.75622
6.34955   8.72554
6.33692   8.694
6.32632   8.66173
6.31779   8.62885
6.31136   8.59549
6.30706   8.56179
6.3049   8.52788
6.3049   8.49391
6.30706   8.46001
6.31136   8.42631
6.31779   8.39295
6.32632   8.36007
6.33692   8.32779
6.34955   8.29625
6.36415   8.26558
6.38066   8.23589
6.39903   8.20731
6.41917   8.17996
6.44101   8.15393
6.46445   8.12935
6.48941   8.1063
6.51578   8.08487
6.54345   8.06517
6.57232   8.04726
6.60226   8.03121
6.63316   8.0171
6.6649   8.00498
6.69734   7.99489
6.73035   7.98688
6.76381   7.98098
6.79757   7.97722
6.83151   7.9756
6.86547   7.97614
6.89934   7.97883
6.93297   7.98367
6.96622   7.99062
6.99896   7.99968
7.03106   8.01079
7.0624   8.02391
7.09284   8.039
7.12226   8.05598
7.15054   8.0748
7.17758   8.09538
7.20325   8.11762
7.22746   8.14145
7.25011   8.16677
7.27111   8.19348
7.29038   8.22146
7.30783   8.25061
7.3234   8.2808
7.33702   8.31192
7.34864   8.34385
7.35821   8.37644
7.36569   8.40958
7.37106   8.44313
7.37429   8.47694
7.37537   8.5109
7.91293   9.0271
7.91097   9.0888
7.90511   9.15026
7.89535   9.21122
7.88175   9.27145
7.86436   9.33068
7.84324   9.3887
7.81849   9.44526
7.7902   9.50013
7.75848   9.5531
7.72347   9.60395
7.68531   9.65248
7.64414   9.6985
7.60014   9.7418
7.55349   9.78223
7.50436   9.81962
7.45295   9.85382
7.39949   9.88469
7.34417   9.91211
7.28723   9.93596
7.22888   9.95615
7.16938   9.9726
7.10895   9.98525
7.04784   9.99403
6.98629   9.99893
6.92456   9.99991
6.8629   9.99697
6.80154   9.99012
6.74074   9.9794
6.68074   9.96485
6.62178   9.94652
6.56411   9.92448
6.50795   9.89884
6.45353   9.86968
6.40107   9.83713
6.35078   9.80132
6.30286   9.76239
6.25751   9.7205
6.21491   9.67582
6.17522   9.62852
6.13862   9.57881
6.10524   9.52687
6.07522   9.47292
6.04869   9.41717
6.02574   9.35986
6.00648   9.3012
5.99097   9.24144
5.97929   9.18082
5.97147   9.11958
5.96756   9.05796
5.96756   8.99623
5.97147   8.93461
5.97929   8.87337
5.99097   8.81275
6.00648   8.75299
6.02574   8.69433
6.04869   8.63702
6.07522   8.58127
6.10524   8.52732
6.13862   8.47538
6.17522   8.42567
6.21491   8.37837
6.25751   8.33369
6.30286   8.2918
6.35078   8.25287
6.40107   8.21706
6.45353   8.18451
6.50795   8.15535
6.56411   8.12971
6.62178   8.10767
6.68074   8.08934
6.74074   8.07479
6.80154   8.06407
6.8629   8.05722
6.92456   8.05429
6.98629   8.05526
7.04784   8.06016
7.10895   8.06894
7.16938   8.08159
7.22888   8.09804
7.28723   8.11823
7.34417   8.14208
7.39949   8.1695
7.45295   8.20037
7.50436   8.23457
7.55349   8.27196
7.60014   8.31239
7.64414   8.35569
7.68531   8.40171
7.72347   8.45024
7.75848   8.50109
7.7902   8.55406
7.81849   8.60893
7.84324   8.66549
7.86436   8.72351
7.88175   8.78275
7.89535   8.84297
7.90511   8.90393
7.91097   8.96539
7.91293   9.0271
7.95492   8.96098
7.95318   9.01584
7.94796   9.07047
7.93929   9.12467
7.9272   9.1782
7.91174   9.23086
7.89296   9.28244
7.87096   9.33272
7.84581   9.3815
7.81762   9.42859
7.78649   9.4738
7.75257   9.51694
7.71597   9.55784
7.67686   9.59634
7.63538   9.63228
7.5917   9.66552
7.54601   9.69592
7.49848   9.72337
7.4493   9.74774
7.39868   9.76894
7.34681   9.78689
7.29391   9.80152
7.24019   9.81276
7.18587   9.82057
7.13115   9.82492
7.07628   9.82579
7.02146   9.82318
6.96691   9.8171
6.91286   9.80757
6.85952   9.79463
6.80711   9.77833
6.75584   9.75874
6.70592   9.73594
6.65754   9.71002
6.6109   9.68109
6.5662   9.64925
6.5236   9.61464
6.48328   9.5774
6.44541   9.53768
6.41013   9.49564
6.37759   9.45144
6.34791   9.40527
6.32123   9.35731
6.29764   9.30775
6.27724   9.2568
6.26011   9.20466
6.24633   9.15153
6.23594   9.09764
6.229   9.04319
6.22551   8.98842
6.22551   8.93354
6.229   8.87876
6.23594   8.82432
6.24633   8.77043
6.26011   8.7173
6.27724   8.66516
6.29764   8.61421
6.32123   8.56465
6.34791   8.51669
6.37759   8.47052
6.41013   8.42632
6.44541   8.38428
6.48328   8.34456
6.5236   8.30732
6.5662   8.27271
6.6109   8.24087
6.65754   8.21194
6.70592   8.18602
6.75584   8.16322
6.80711   8.14363
6.85952   8.12733
6.91286   8.11439
6.96691   8.10486
7.02146   8.09878
7.07628   8.09617
7.13115   8.09704
7.18587   8.10139
7.24019   8.1092
7.29391   8.12044
7.34681   8.13506
7.39868   8.15302
7.4493   8.17422
7.49848   8.19859
7.54601   8.22603
7.5917   8.25644
7.63538   8.28967
7.67686   8.32562
7.71597   8.36412
7.75257   8.40502
7.78649   8.44816
7.81762   8.49337
7.84581   8.54046
7.87096   8.58924
7.89296   8.63952
7.91174   8.69109
7.9272   8.74376
7.93929   8.79729
7.94796   8.85149
7.95318   8.90612
7.95492   8.96098
8.8421   8.98006
8.84033   9.03601
8.835   9.09173
8.82616   9.147
8.81383   9.2016
8.79806   9.25531
8.77891   9.30791
8.75647   9.35919
8.73082   9.40894
8.70207   9.45697
8.67033   9.50307
8.63573   9.54707
8.59841   9.58878
8.55851   9.62805
8.51621   9.66471
8.47167   9.6986
8.42507   9.72961
8.37659   9.7576
8.32644   9.78245
8.27481   9.80408
8.22191   9.82239
8.16796   9.8373
8.11318   9.84877
8.05777   9.85673
8.00197   9.86117
7.946   9.86206
7.89009   9.85939
7.83446   9.85319
7.77934   9.84347
7.72494   9.83027
7.67149   9.81365
7.6192   9.79368
7.56829   9.77042
7.51895   9.74399
7.47139   9.71448
7.42579   9.68201
7.38235   9.64671
7.34123   9.60873
7.3026   9.56822
7.26662   9.52534
7.23343   9.48027
7.20317   9.43318
7.17596   9.38427
7.1519   9.33373
7.1311   9.28176
7.11363   9.22858
7.09957   9.1744
7.08898   9.11944
7.08189   9.06391
7.07834   9.00805
7.07834   8.95208
7.08189   8.89622
7.08898   8.84069
7.09957   8.78573
7.11363   8.73155
7.1311   8.67837
7.1519   8.6264
7.17596   8.57586
7.20317   8.52695
7.23343   8.47986
7.26662   8.43479
7.3026   8.39191
7.34123   8.3514
7.38235   8.31342
7.42579   8.27812
7.47139   8.24565
7.51895   8.21614
7.56829   8.18971
7.6192   8.16645
7.67149   8.14648
7.72494   8.12986
7.77934   8.11666
7.83446   8.10694
7.89009   8.10074
7.946   8.09807
8.00197   8.09896
8.05777   8.1034
8.11318   8.11136
8.16796   8.12283
8.22191   8.13774
8.27481   8.15605
8.32644   8.17768
8.37659   8.20253
8.42507   8.23052
8.47167   8.26153
8.51621   8.29542
8.55851   8.33208
8.59841   8.37135
8.63573   8.41306
8.67033   8.45706
8.70207   8.50316
8.73082   8.55119
8.75647   8.60094
8.77891   8.65222
8.79806   8.70482
8.81383   8.75853
8.82616   8.81313
8.835   8.8684
8.84033   8.92412
8.8421   8.98006
9.747   8.99663
9.74519   9.05352
9.73978   9.11018
9.73079   9.16639
9.71825   9.22191
9.70221   9.27652
9.68275   9.33001
9.65993   9.38216
9.63384   9.43275
9.60461   9.48159
9.57233   9.52847
9.53714   9.57321
9.49919   9.61563
9.45862   9.65556
9.41561   9.69283
9.37031   9.72731
9.32292   9.75884
9.27363   9.7873
9.22263   9.81257
9.17013   9.83456
9.11634   9.85318
9.06148   9.86835
9.00576   9.88
8.94942   9.8881
8.89268   9.89262
8.83577   9.89352
8.77891   9.89081
8.72234   9.8845
8.66629   9.87462
8.61097   9.8612
8.55662   9.8443
8.50345   9.82398
8.45167   9.80034
8.4015   9.77346
8.35313   9.74345
8.30677   9.71043
8.26259   9.67454
8.22078   9.63592
8.1815   9.59472
8.14491   9.55112
8.11116   9.50528
8.08039   9.4574
8.05271   9.40766
8.02825   9.35627
8.00709   9.30342
7.98933   9.24934
7.97504   9.19425
7.96427   9.13836
7.95706   9.0819
7.95345   9.02509
7.95345   8.96817
7.95706   8.91137
7.96427   8.8549
7.97504   8.79901
7.98933   8.74392
8.00709   8.68984
8.02825   8.637
8.05271   8.5856
8.08039   8.53586
8.11116   8.48798
8.14491   8.44214
8.1815   8.39854
8.22078   8.35734
8.26259   8.31872
8.30677   8.28283
8.35313   8.24981
8.4015   8.21981
8.45167   8.19292
8.50345   8.16928
8.55662   8.14896
8.61097   8.13206
8.66629   8.11864
8.72234   8.10876
8.77891   8.10245
8.83577   8.09974
8.89268   8.10065
8.94942   8.10516
9.00576   8.11326
9.06148   8.12491
9.11634   8.14008
9.17013   8.1587
9.22263   8.18069
9.27363   8.20597
9.32292   8.23443
9.37031   8.26596
9.41561   8.30043
9.45862   8.3377
9.49919   8.37763
9.53714   8.42005
9.57233   8.46479
9.60461   8.51168
9.63384   8.56051
9.65993   8.6111
9.68275   8.66325
9.70221   8.71674
9.71825   8.77135
9.73079   8.82687
9.73978   8.88308
9.74519   8.93974
9.747   8.99663
