0   10
0.0225564   10
0.0451128   10
0.0676692   10
0.0902256   10
0.112782   10
0.135338   10
0.157895   10
0.180451   10
0.203008   10
0.225564   10
0.24812   10
0.270677   10
0.293233   10
0.315789   10
0.338346   10
0.360902   10
0.383459   10
0.406015   10
0.428571   10
0.451128   10
0.473684   10
0.496241   10
0.518797   10
0.541353   10
0.56391   10
0.586466   10
0.609023   10
0.631579   10
0.654135   10
0.676692   10
0.699248   10
0.721805   10
0.744361   10
0.766917   10
0.789474   10
0.81203   10
0.834586   10
0.857143   10
0.879699   10
0.902256   10
0.924812   10
0.947368   10
0.969925   10
0.992481   10
1.01504   10
1.03759   10
1.06015   10
1.08271   10
1.10526   10
1.12782   10
1.15038   10
1.17293   10
1.19549   10
1.21805   10
1.2406   10
1.26316   10
1.28571   10
1.30827   10
1.33083   10
1.35338   10
1.37594   10
1.3985   10
1.42105   10
1.44361   10
1.46617   10
1.48872   10
1.51128   10
1.53383   10
1.55639   10
1.57895   10
1.6015   10
1.62406   10
1.64662   10
1.66917   10
1.69173   10
1.71429   10
1.73684   10
1.7594   10
1.78195   10
1.80451   10
1.82707   10
1.84962   10
1.87218   10
1.89474   10
1.91729   10
1.93985   10
1.96241   10
1.98496   10
2.00752   10
2.03008   10
2.05263   10
2.07519   10
2.09774   10
2.1203   10
2.14286   10
2.16541   10
2.18797   10
2.21053   10
2.23308   10
2.25564   10
2.2782   10
2.30075   10
2.32331   10
2.34586   10
2.36842   10
2.39098   10
2.41353   10
2.43609   10
2.45865   10
2.4812   10
2.50376   10
2.52632   10
2.54887   10
2.57143   10
2.59398   10
2.61654   10
2.6391   10
2.66165   10
2.68421   10
2.70677   10
2.72932   10
2.75188   10
2.77444   10
2.79699   10
2.81955   10
2.84211   10
2.86466   10
2.88722   10
2.90977   10
2.93233   10
2.95489   10
2.97744   10
3   10
3.02256   10
3.04511   10
3.06767   10
3.09023   10
3.11278   10
3.13534   10
3.15789   10
3.18045   10
3.20301   10
3.22556   10
3.24812   10
3.27068   10
3.29323   10
3.31579   10
3.33835   10
3.3609   10
3.38346   10
3.40602   10
3.42857   10
3.45113   10
3.47368   10
3.49624   10
3.5188   10
3.54135   10
3.56391   10
3.58647   10
3.60902   10
3.63158   10
3.65414   10
3.67669   10
3.69925   10
3.7218   10
3.74436   10
3.76692   10
3.78947   10
3.81203   10
3.83459   10
3.85714   10
3.8797   10
3.90226   10
3.92481   10
3.94737   10
3.96992   10
3.99248   10
4.01504   10
4.03759   10
4.06015   10
4.08271   10
4.10526   10
4.12782   10
4.15038   10
4.17293   10
4.19549   10
4.21805   10
4.2406   10
4.26316   10
4.28571   10
4.30827   10
4.33083   10
4.35338   10
4.37594   10
4.3985   10
4.42105   10
4.44361   10
4.46617   10
4.48872   10
4.51128   10
4.53383   10
4.55639   10
4.57895   10
4.6015   10
4.62406   10
4.64662   10
4.66917   10
4.69173   10
4.71429   10
4.73684   10
4.7594   10
4.78195   10
4.80451   10
4.82707   10
4.84962   10
4.87218   10
4.89474   10
4.91729   10
4.93985   10
4.96241   10
4.98496   10
5.00752   10
5.03008   10
5.05263   10
5.07519   10
5.09774   10
5.1203   10
5.14286   10
5.16541   10
5.18797   10
5.21053   10
5.23308   10
5.25564   10
5.2782   10
5.30075   10
5.32331   10
5.34586   10
5.36842   10
5.39098   10
5.41353   10
5.43609   10
5.45865   10
5.4812   10
5.50376   10
5.52632   10
5.54887   10
5.57143   10
5.59398   10
5.61654   10
5.6391   10
5.66165   10
5.68421   10
5.70677   10
5.72932   10
5.75188   10
5.77444   10
5.79699   10
5.81955   10
5.84211   10
5.86466   10
5.88722   10
5.90977   10
5.93233   10
5.95489   10
5.97744   10
6   10
6.02256   10
6.04511   10
6.06767   10
6.09023   10
6.11278   10
6.13534   10
6.15789   10
6.18045   10
6.20301   10
6.22556   10
6.24812   10
6.27068   10
6.29323   10
6.31579   10
6.33835   10
6.3609   10
6.38346   10
6.40602   10
6.42857   10
6.45113   10
6.47368   10
6.49624   10
6.5188   10
6.54135   10
6.56391   10
6.58647   10
6.60902   10
6.63158   10
6.65414   10
6.67669   10
6.69925   10
6.7218   10
6.74436   10
6.76692   10
6.78947   10
6.81203   10
6.83459   10
6.85714   10
6.8797   10
6.90226   10
6.92481   10
6.94737   10
6.96992   10
6.99248   10
7.01504   10
7.03759   10
7.06015   10
7.08271   10
7.10526   10
7.12782   10
7.15038   10
7.17293   10
7.19549   10
7.21805   10
7.2406   10
7.26316   10
7.28571   10
7.30827   10
7.33083   10
7.35338   10
7.37594   10
7.3985   10
7.42105   10
7.44361   10
7.46617   10
7.48872   10
7.51128   10
7.53383   10
7.55639   10
7.57895   10
7.6015   10
7.62406   10
7.64662   10
7.66917   10
7.69173   10
7.71429   10
7.73684   10
7.7594   10
7.78195   10
7.80451   10
7.82707   10
7.84962   10
7.87218   10
7.89474   10
7.91729   10
7.93985   10
7.96241   10
7.98496   10
8.00752   10
8.03008   10
8.05263   10
8.07519   10
8.09774   10
8.1203   10
8.14286   10
8.16541   10
8.18797   10
8.21053   10
8.23308   10
8.25564   10
8.2782   10
8.30075   10
8.32331   10
8.34586   10
8.36842   10
8.39098   10
8.41353   10
8.43609   10
8.45865   10
8.4812   10
8.50376   10
8.52632   10
8.54887   10
8.57143   10
8.59398   10
8.61654   10
8.6391   10
8.66165   10
8.68421   10
8.70677   10
8.72932   10
8.75188   10
8.77444   10
8.79699   10
8.81955   10
8.84211   10
8.86466   10
8.88722   10
8.90977   10
8.93233   10
8.95489   10
8.97744   10
9   10
3   0
3   0.0808081
3   0.161616
3   0.242424
3   0.323232
3   0.40404
3   0.484848
3   0.565657
3   0.646465
3   0.727273
3   0.808081
3   0.888889
3   0.969697
3   1.05051
3   1.13131
3   1.21212
3   1.29293
3   1.37374
3   1.45455
3   1.53535
3   1.61616
3   1.69697
3   1.77778
3   1.85859
3   1.93939
3   2.0202
3   2.10101
3   2.18182
3   2.26263
3   2.34343
3   2.42424
3   2.50505
3   2.58586
3   2.66667
3   2.74747
3   2.82828
3   2.90909
3   2.9899
3   3.07071
3   3.15152
3   3.23232
3   3.31313
3   3.39394
3   3.47475
3   3.55556
3   3.63636
3   3.71717
3   3.79798
3   3.87879
3   3.9596
3   4.0404
3   4.12121
3   4.20202
3   4.28283
3   4.36364
3   4.44444
3   4.52525
3   4.60606
3   4.68687
3   4.76768
3   4.84848
3   4.92929
3   5.0101
3   5.09091
3   5.17172
3   5.25253
3   5.33333
3   5.41414
3   5.49495
3   5.57576
3   5.65657
3   5.73737
3   5.81818
3   5.89899
3   5.9798
3   6.06061
3   6.14141
3   6.22222
3   6.30303
3   6.38384
3   6.46465
3   6.54545
3   6.62626
3   6.70707
3   6.78788
3   6.86869
3   6.94949
3   7.0303
3   7.11111
3   7.19192
3   7.27273
3   7.35354
3   7.43434
3   7.51515
3   7.59596
3   7.67677
3   7.75758
3   7.83838
3   7.91919
3   8
7   0
7   0.0808081
7   0.161616
7   0.242424
7   0.323232
7   0.40404
7   0.484848
7   0.565657
7   0.646465
7   0.727273
7   0.808081
7   0.888889
7   0.969697
7   1.05051
7   1.13131
7   1.21212
7   1.29293
7   1.37374
7   1.45455
7   1.53535
7   1.61616
7   1.69697
7   1.77778
7   1.85859
7   1.93939
7   2.0202
7   2.10101
7   2.18182
7   2.26263
7   2.34343
7   2.42424
7   2.50505
7   2.58586
7   2.66667
7   2.74747
7   2.82828
7   2.90909
7   2.9899
7   3.07071
7   3.15152
7   3.23232
7   3.31313
7   3.39394
7   3.47475
7   3.55556
7   3.63636
7   3.71717
7   3.79798
7   3.87879
7   3.9596
7   4.0404
7   4.12121
7   4.20202
7   4.28283
7   4.36364
7   4.44444
7   4.52525
7   4.60606
7   4.68687
7   4.76768
7   4.84848
7   4.92929
7   5.0101
7   5.09091
7   5.17172
7   5.25253
7   5.33333
7   5.41414
7   5.49495
7   5.57576
7   5.65657
7   5.73737
7   5.81818
7   5.89899
7   5.9798
7   6.06061
7   6.14141
7   6.22222
7   6.30303
7   6.38384
7   6.46465
7   6.54545
7   6.62626
7   6.70707
7   6.78788
7   6.86869
7   6.94949
7   7.0303
7   7.11111
7   7.19192
7   7.27273
7   7.35354
7   7.43434
7   7.51515
7   7.59596
7   7.67677
7   7.75758
7   7.83838
7   7.91919
7   8
3   0
3.01003   0
3.02005   0
3.03008   0
3.0401   0
3.05013   0
3.06015   0
3.07018   0
3.0802   0
3.09023   0
3.10025   0
3.11028   0
3.1203   0
3.13033   0
3.14035   0
3.15038   0
3.1604   0
3.17043   0
3.18045   0
3.19048   0
3.2005   0
3.21053   0
3.22055   0
3.23058   0
3.2406   0
3.25063   0
3.26065   0
3.27068   0
3.2807   0
3.29073   0
3.30075   0
3.31078   0
3.3208   0
3.33083   0
3.34085   0
3.35088   0
3.3609   0
3.37093   0
3.38095   0
3.39098   0
3.401   0
3.41103   0
3.42105   0
3.43108   0
3.4411   0
3.45113   0
3.46115   0
3.47118   0
3.4812   0
3.49123   0
3.50125   0
3.51128   0
3.5213   0
3.53133   0
3.54135   0
3.55138   0
3.5614   0
3.57143   0
3.58145   0
3.59148   0
3.6015   0
3.61153   0
3.62155   0
3.63158   0
3.6416   0
3.65163   0
3.66165   0
3.67168   0
3.6817   0
3.69173   0
3.70175   0
3.71178   0
3.7218   0
3.73183   0
3.74185   0
3.75188   0
3.7619   0
3.77193   0
3.78195   0
3.79198   0
3.80201   0
3.81203   0
3.82206   0
3.83208   0
3.84211   0
3.85213   0
3.86216   0
3.87218   0
3.88221   0
3.89223   0
3.90226   0
3.91228   0
3.92231   0
3.93233   0
3.94236   0
3.95238   0
3.96241   0
3.97243   0
3.98246   0
3.99248   0
4.00251   0
4.01253   0
4.02256   0
4.03258   0
4.04261   0
4.05263   0
4.06266   0
4.07268   0
4.08271   0
4.09273   0
4.10276   0
4.11278   0
4.12281   0
4.13283   0
4.14286   0
4.15288   0
4.16291   0
4.17293   0
4.18296   0
4.19298   0
4.20301   0
4.21303   0
4.22306   0
4.23308   0
4.24311   0
4.25313   0
4.26316   0
4.27318   0
4.28321   0
4.29323   0
4.30326   0
4.31328   0
4.32331   0
4.33333   0
4.34336   0
4.35338   0
4.36341   0
4.37343   0
4.38346   0
4.39348   0
4.40351   0
4.41353   0
4.42356   0
4.43358   0
4.44361   0
4.45363   0
4.46366   0
4.47368   0
4.48371   0
4.49373   0
4.50376   0
4.51378   0
4.52381   0
4.53383   0
4.54386   0
4.55388   0
4.56391   0
4.57393   0
4.58396   0
4.59398   0
4.60401   0
4.61404   0
4.62406   0
4.63409   0
4.64411   0
4.65414   0
4.66416   0
4.67419   0
4.68421   0
4.69424   0
4.70426   0
4.71429   0
4.72431   0
4.73434   0
4.74436   0
4.75439   0
4.76441   0
4.77444   0
4.78446   0
4.79449   0
4.80451   0
4.81454   0
4.82456   0
4.83459   0
4.84461   0
4.85464   0
4.86466   0
4.87469   0
4.88471   0
4.89474   0
4.90476   0
4.91479   0
4.92481   0
4.93484   0
4.94486   0
4.95489   0
4.96491   0
4.97494   0
4.98496   0
4.99499   0
5.00501   0
5.01504   0
5.02506   0
5.03509   0
5.04511   0
5.05514   0
5.06516   0
5.07519   0
5.08521   0
5.09524   0
5.10526   0
5.11529   0
5.12531   0
5.13534   0
5.14536   0
5.15539   0
5.16541   0
5.17544   0
5.18546   0
5.19549   0
5.20551   0
5.21554   0
5.22556   0
5.23559   0
5.24561   0
5.25564   0
5.26566   0
5.27569   0
5.28571   0
5.29574   0
5.30576   0
5.31579   0
5.32581   0
5.33584   0
5.34586   0
5.35589   0
5.36591   0
5.37594   0
5.38596   0
5.39599   0
5.40602   0
5.41604   0
5.42607   0
5.43609   0
5.44612   0
5.45614   0
5.46617   0
5.47619   0
5.48622   0
5.49624   0
5.50627   0
5.51629   0
5.52632   0
5.53634   0
5.54637   0
5.55639   0
5.56642   0
5.57644   0
5.58647   0
5.59649   0
5.60652   0
5.61654   0
5.62657   0
5.63659   0
5.64662   0
5.65664   0
5.66667   0
5.67669   0
5.68672   0
5.69674   0
5.70677   0
5.71679   0
5.72682   0
5.73684   0
5.74687   0
5.75689   0
5.76692   0
5.77694   0
5.78697   0
5.79699   0
5.80702   0
5.81704   0
5.82707   0
5.83709   0
5.84712   0
5.85714   0
5.86717   0
5.87719   0
5.88722   0
5.89724   0
5.90727   0
5.91729   0
5.92732   0
5.93734   0
5.94737   0
5.95739   0
5.96742   0
5.97744   0
5.98747   0
5.99749   0
6.00752   0
6.01754   0
6.02757   0
6.03759   0
6.04762   0
6.05764   0
6.06767   0
6.07769   0
6.08772   0
6.09774   0
6.10777   0
6.11779   0
6.12782   0
6.13784   0
6.14787   0
6.15789   0
6.16792   0
6.17794   0
6.18797   0
6.19799   0
6.20802   0
6.21805   0
6.22807   0
6.2381   0
6.24812   0
6.25815   0
6.26817   0
6.2782   0
6.28822   0
6.29825   0
6.30827   0
6.3183   0
6.32832   0
6.33835   0
6.34837   0
6.3584   0
6.36842   0
6.37845   0
6.38847   0
6.3985   0
6.40852   0
6.41855   0
6.42857   0
6.4386   0
6.44862   0
6.45865   0
6.46867   0
6.4787   0
6.48872   0
6.49875   0
6.50877   0
6.5188   0
6.52882   0
6.53885   0
6.54887   0
6.5589   0
6.56892   0
6.57895   0
6.58897   0
6.599   0
6.60902   0
6.61905   0
6.62907   0
6.6391   0
6.64912   0
6.65915   0
6.66917   0
6.6792   0
6.68922   0
6.69925   0
6.70927   0
6.7193   0
6.72932   0
6.73935   0
6.74937   0
6.7594   0
6.76942   0
6.77945   0
6.78947   0
6.7995   0
6.80952   0
6.81955   0
6.82957   0
6.8396   0
6.84962   0
6.85965   0
6.86967   0
6.8797   0
6.88972   0
6.89975   0
6.90977   0
6.9198   0
6.92982   0
6.93985   0
6.94987   0
6.9599   0
6.96992   0
6.97995   0
6.98997   0
7   0
7   8
7.0202   8
7.0404   8
7.06061   8
7.08081   8
7.10101   8
7.12121   8
7.14141   8
7.16162   8
7.18182   8
7.20202   8
7.22222   8
7.24242   8
7.26263   8
7.28283   8
7.30303   8
7.32323   8
7.34343   8
7.36364   8
7.38384   8
7.40404   8
7.42424   8
7.44444   8
7.46465   8
7.48485   8
7.50505   8
7.52525   8
7.54545   8
7.56566   8
7.58586   8
7.60606   8
7.62626   8
7.64646   8
7.66667   8
7.68687   8
7.70707   8
7.72727   8
7.74747   8
7.76768   8
7.78788   8
7.80808   8
7.82828   8
7.84848   8
7.86869   8
7.88889   8
7.90909   8
7.92929   8
7.94949   8
7.9697   8
7.9899   8
8.0101   8
8.0303   8
8.05051   8
8.07071   8
8.09091   8
8.11111   8
8.13131   8
8.15152   8
8.17172   8
8.19192   8
8.21212   8
8.23232   8
8.25253   8
8.27273   8
8.29293   8
8.31313   8
8.33333   8
8.35354   8
8.37374   8
8.39394   8
8.41414   8
8.43434   8
8.45455   8
8.47475   8
8.49495   8
8.51515   8
8.53535   8
8.55556   8
8.57576   8
8.59596   8
8.61616   8
8.63636   8
8.65657   8
8.67677   8
8.69697   8
8.71717   8
8.73737   8
8.75758   8
8.77778   8
8.79798   8
8.81818   8
8.83838   8
8.85859   8
8.87879   8
8.89899   8
8.91919   8
8.93939   8
8.9596   8
8.9798   8
9   8
